1 120 190 0
2 120 190 0
3 120 190 0
4 120 190 0
5 120 190 0
6 120 190 0
7 120 190 0
8 120 190 0
9 120 190 0
10 120 190 0
11 120 190 0
12 120 190 0
13 120 190 0
14 120 190 0
15 120 190 0
16 120 190 0
17 120 190 0
18 120 177 0
19 120 190 0
20 120 190 0
21 120 190 0
22 120 172 0
23 120 190 0
24 120 190 0
25 120 190 0
26 120 190 0
27 120 190 0
28 120 190 0
29 120 190 0
30 120 190 0
31 120 190 0
32 120 190 0
33 120 190 0
34 120 190 0
35 120 190 0
36 120 164 0
37 120 190 0
38 120 190 0
39 120 190 0
40 120 190 0
41 120 190 0
42 120 190 0
43 120 190 0
44 120 190 0
45 120 190 0
46 120 190 0
47 120 190 0
48 120 190 0
49 120 190 0
50 120 190 0
51 120 190 0
52 120 190 0
53 120 190 0
54 120 190 0
55 120 190 0
56 120 164 0
57 120 190 0
58 120 190 0
59 120 190 0
60 120 190 0
61 120 190 0
62 120 190 0
63 120 190 0
64 120 190 0
65 120 190 0
66 120 190 0
67 120 190 0
68 120 190 0
69 120 190 0
70 120 190 0
71 120 190 0
72 120 190 0
73 120 190 0
74 120 190 0
75 120 190 0
76 120 190 0
77 120 190 0
78 120 190 0
79 120 190 0
80 120 190 0
81 120 169 0
82 120 190 0
83 120 173 0
84 120 190 0
85 120 190 0
86 120 190 0
87 120 190 0
88 120 190 0
89 120 190 0
90 120 190 0
91 120 190 0
92 120 190 0
93 120 190 0
94 120 190 0
95 120 125 0
96 120 190 0
97 120 190 0
98 120 190 0
99 120 190 0
100 120 165 0
101 120 190 0
102 120 190 0
103 120 190 0
104 120 190 0
105 120 190 0
106 120 190 0
107 120 190 0
108 120 190 0
109 120 190 0
110 120 190 0
111 120 190 0
112 120 190 0
113 120 190 0
114 120 190 0
115 120 190 0
116 120 190 0
117 120 190 0
118 120 190 0
119 120 190 0
120 120 190 0
121 120 176 0
122 120 190 0
123 120 190 0
124 120 165 0
125 120 190 0
126 120 190 0
127 120 125 0
128 121 161 0
129 121 190 0
130 121 190 0
131 121 190 0
132 121 160 0
133 121 171 0
134 121 190 0
135 121 190 0
136 121 190 0
137 121 190 0
138 121 190 0
139 121 190 0
140 122 190 0
141 122 190 0
142 122 190 0
143 122 190 0
144 122 190 0
145 122 190 0
146 123 190 0
147 123 190 0
148 123 190 0
149 123 190 0
150 123 190 0
151 123 190 0
152 124 184 0
153 124 190 0
154 124 190 0
155 124 170 0
156 124 190 0
157 124 190 0
158 125 190 0
159 125 190 0
160 125 190 0
161 125 190 0
162 126 190 0
163 126 190 0
164 126 190 0
165 126 190 0
166 127 190 0
167 127 190 0
168 127 167 0
169 127 190 0
170 127 190 0
171 129 190 0
172 129 190 0
173 129 190 0
174 129 190 0
175 129 190 0
176 129 190 0
177 130 190 0
178 130 190 0
179 131 190 0
180 131 190 0
181 132 190 0
182 133 190 0
183 135 190 0
184 136 190 0
185 137 190 0
186 138 190 0
187 138 190 0
188 139 190 0
189 143 190 0
190 145 190 0
191 146 190 0
192 146 165 0
193 147 190 0
194 148 190 0
195 152 190 0
196 154 190 0
197 154 190 0
198 155 190 0
199 155 190 0
200 156 190 0
201 156 190 0
202 156 190 0
203 158 190 0
204 159 190 0
205 159 190 0
206 159 190 0
207 159 190 0
208 160 190 0
209 161 190 0
210 161 190 0
211 161 190 0
212 161 190 0
213 161 162 0
214 161 190 0
215 162 190 0
216 162 190 0
217 162 190 0
218 162 190 0
219 162 190 0
220 163 190 0
221 163 190 0
222 163 165 0
223 163 190 0
224 163 190 0
225 163 190 0
226 163 190 0
227 163 171 0
228 163 190 0
229 163 190 0
230 163 190 0
231 163 190 0
232 163 190 0
233 164 190 0
234 164 190 0
235 164 190 0
236 164 190 0
237 164 190 0
238 165 190 0
239 165 190 0
240 165 190 0
241 165 190 0
242 165 190 0
243 165 190 0
244 165 168 0
245 165 190 0
246 165 190 0
247 165 190 0
248 166 190 0
249 166 169 0
250 166 190 0
251 166 190 0
252 166 170 0
253 166 190 0
254 166 190 0
255 166 190 0
256 166 190 0
257 166 190 0
258 166 190 0
259 166 190 0
260 166 190 0
261 166 190 0
262 166 190 0
263 166 190 0
264 166 167 0
265 166 190 0
266 166 190 0
267 166 190 0
268 167 173 0
269 167 190 0
270 167 190 0
271 167 190 0
272 167 190 0
273 167 190 0
274 167 190 0
275 167 190 0
276 167 169 0
277 167 190 0
278 167 190 0
279 167 190 0
280 168 190 0
281 168 190 0
282 168 190 0
283 168 190 0
284 168 190 0
285 168 190 0
286 168 190 0
287 168 190 0
288 168 190 0
289 168 190 0
290 168 190 0
291 168 182 0
292 169 190 0
293 169 190 0
294 169 190 0
295 169 190 0
296 169 190 0
297 169 190 0
298 169 190 0
299 169 190 0
300 169 190 0
301 169 190 0
302 170 190 0
303 170 190 0
304 170 190 0
305 170 190 0
306 170 190 0
307 170 190 0
308 170 190 0
309 170 190 0
310 170 190 0
311 170 190 0
312 170 190 0
313 170 190 0
314 170 190 0
315 170 190 0
316 170 190 0
317 171 190 0
318 171 190 0
319 171 190 0
320 171 190 0
321 171 190 0
322 171 190 0
323 171 190 0
324 171 190 0
325 171 190 0
326 172 190 0
327 172 190 0
328 172 190 0
329 172 190 0
330 172 190 0
331 172 190 0
332 172 190 0
333 172 190 0
334 172 190 0
335 172 190 0
336 172 190 0
337 172 190 0
338 173 190 0
339 173 190 0
340 174 190 0
341 174 190 0
342 174 190 0
343 174 190 0
344 174 190 0
345 174 190 0
346 174 190 0
347 174 190 0
348 174 190 0
349 175 190 0
350 175 190 0
351 175 190 0
352 175 190 0
353 175 190 0
354 176 190 0
355 176 190 0
356 176 190 0
357 176 190 0
358 176 190 0
359 177 190 0
360 177 190 0
361 177 190 0
362 177 190 0
363 177 190 0
364 177 190 0
365 177 190 0
366 178 190 0
367 178 190 0
368 178 190 0
369 179 190 0
370 179 190 0
371 179 190 0
372 179 190 0
373 180 190 0
374 180 190 0
375 181 190 0
376 181 190 0
377 182 190 0
378 182 190 0
379 183 190 0
380 183 190 0
381 183 190 0
382 183 190 0
383 183 190 0
384 185 190 0
385 185 190 0
386 186 190 0
387 186 190 0
388 190 190 0
