1 0 0 0
2 0 4 0
3 0 5 0
4 0 4 0
5 0 2 0
6 1 1 0
7 3 3 0
8 3 3 0
9 3 3 0
10 4 8 0
11 4 4 0
12 4 4 0
13 4 4 0
14 5 7 0
15 5 11 0
16 5 5 0
17 5 5 0
18 6 7 0
19 6 6 0
20 6 6 0
21 6 6 0
22 6 6 0
23 6 6 0
24 6 6 0
25 7 11 0
26 7 9 0
27 7 7 0
28 8 13 0
29 8 13 0
30 8 8 0
31 9 14 0
32 9 11 0
33 10 10 0
34 10 10 0
35 10 10 0
36 10 10 0
37 10 10 0
38 10 10 0
39 10 10 0
40 11 18 0
41 11 13 0
42 12 12 0
43 12 16 0
44 12 18 0
45 12 14 0
46 12 14 0
47 12 12 0
48 12 12 0
49 12 12 0
50 12 12 0
51 12 13 0
52 12 14 0
53 12 17 0
54 13 13 0
55 13 13 0
56 13 18 0
57 14 14 0
58 14 14 0
59 14 14 0
60 15 16 0
61 15 16 0
62 15 16 0
63 17 22 0
64 17 24 0
65 17 17 0
66 17 20 0
67 17 22 0
68 17 22 0
69 17 22 0
70 17 17 0
71 17 17 0
72 18 18 0
73 18 20 0
74 18 18 0
75 18 18 0
76 18 18 0
77 18 18 0
78 18 18 0
79 18 18 0
80 18 18 0
81 18 18 0
82 19 24 0
83 19 19 0
84 19 19 0
85 19 20 0
86 19 19 0
87 19 24 0
88 19 20 0
89 20 24 0
90 20 20 0
91 20 20 0
92 21 27 0
93 21 22 0
94 21 22 0
95 21 21 0
96 22 22 0
97 23 26 0
98 23 29 0
99 23 23 0
100 23 33 0
101 23 28 0
102 23 25 0
103 23 23 0
104 23 23 0
105 23 23 0
106 23 23 0
107 23 27 0
108 24 24 0
109 24 26 0
110 24 25 0
111 24 24 0
112 24 24 0
113 25 30 0
114 25 32 0
115 25 33 0
116 25 28 0
117 25 25 0
118 25 25 0
119 25 25 0
120 25 25 0
121 26 33 0
122 26 28 0
123 26 30 0
124 26 26 0
125 26 26 0
126 26 33 0
127 26 26 0
128 26 33 0
129 27 28 0
130 27 29 0
131 28 35 0
132 28 32 0
133 28 28 0
134 29 29 0
135 29 32 0
136 29 29 0
137 29 29 0
138 29 33 0
139 29 29 0
140 29 33 0
141 29 29 0
142 30 32 0
143 30 33 0
144 31 31 0
145 31 34 0
146 32 34 0
147 32 32 0
148 32 38 0
149 32 35 0
150 32 32 0
151 32 42 0
152 32 32 0
153 32 39 0
154 33 37 0
155 33 37 0
156 33 34 0
157 33 33 0
158 33 33 0
159 34 40 0
160 34 34 0
161 34 34 0
162 34 34 0
163 34 34 0
164 34 40 0
165 34 34 0
166 34 34 0
167 35 37 0
168 35 39 0
169 35 35 0
170 35 35 162
171 35 37 162
172 35 44 0
173 35 45 0
174 35 40 0
175 35 35 0
176 35 38 0
177 35 35 0
178 35 35 0
179 35 36 0
180 35 35 0
181 35 35 0
182 35 35 0
183 35 35 0
184 35 35 0
185 35 39 0
186 35 35 0
187 35 35 0
188 35 35 0
189 35 35 0
190 35 35 0
191 36 38 0
192 36 36 0
193 36 45 0
194 36 39 0
195 36 36 0
196 36 39 0
197 36 36 0
198 36 36 0
199 36 37 0
200 36 36 0
201 36 37 0
202 36 45 0
203 36 40 0
204 36 40 0
205 37 37 0
206 37 37 0
207 37 42 0
208 37 47 0
209 37 37 0
210 37 41 0
211 37 38 0
212 38 39 0
213 38 44 0
214 38 38 0
215 38 43 0
216 38 48 0
217 38 38 0
218 38 38 0
219 38 38 0
220 38 38 0
221 38 38 0
222 38 38 0
223 39 41 0
224 39 39 0
225 39 48 0
226 39 44 0
227 40 51 0
228 40 42 0
229 40 41 0
230 40 45 0
231 40 42 0
232 40 56 0
233 41 51 0
234 41 43 0
235 41 52 0
236 41 47 0
237 41 41 0
238 41 44 0
239 41 43 0
240 41 45 0
241 42 42 0
242 42 42 0
243 42 42 0
244 42 48 0
245 42 42 0
246 42 42 0
247 42 44 0
248 42 42 0
249 43 48 0
250 43 43 0
251 43 43 0
252 43 43 0
253 43 43 0
254 43 45 0
255 43 44 0
256 43 43 0
257 43 43 0
258 44 46 0
259 44 44 0
260 44 44 0
261 44 56 0
262 44 44 0
263 44 44 0
264 44 44 0
265 44 44 0
266 45 60 0
267 45 46 0
268 45 49 0
269 45 49 0
270 45 52 0
271 45 49 0
272 45 45 0
273 45 60 0
274 45 49 0
275 45 45 0
276 46 50 0
277 46 56 0
278 46 50 0
279 46 50 0
280 46 55 0
281 46 48 0
282 46 46 0
283 47 50 0
284 47 51 0
285 47 47 0
286 47 47 0
287 48 53 0
288 48 59 0
289 49 51 0
290 49 54 0
291 49 51 0
292 49 49 0
293 49 51 0
294 49 51 0
295 50 55 0
296 50 54 0
297 50 54 0
298 50 51 0
299 50 50 0
300 50 50 0
301 50 50 0
302 51 57 0
303 51 55 0
304 51 51 0
305 51 53 0
306 51 51 0
307 51 51 0
308 51 51 0
309 51 51 0
310 52 56 0
311 52 55 0
312 52 58 0
313 52 55 0
314 52 52 0
315 52 52 0
316 52 52 0
317 52 52 0
318 52 56 0
319 52 52 0
320 52 52 0
321 52 56 0
322 52 52 0
323 52 56 0
324 52 56 0
325 53 56 0
326 53 54 0
327 53 57 0
328 53 53 0
329 53 55 0
330 53 53 0
331 53 57 0
332 53 53 0
333 54 58 0
334 54 54 0
335 54 58 0
336 54 54 0
337 54 54 0
338 55 55 0
339 55 60 0
340 55 60 0
341 55 55 0
342 55 59 0
343 55 55 0
344 55 55 0
345 55 55 0
346 55 57 0
347 56 61 0
348 56 58 0
349 56 57 0
350 56 60 0
351 56 56 0
352 56 56 0
353 56 60 0
354 56 59 0
355 56 61 0
356 56 56 0
357 57 62 0
358 57 58 0
359 57 57 0
360 57 61 0
361 57 61 0
362 57 62 0
363 57 57 0
364 57 60 0
365 57 57 0
366 57 72 0
367 57 60 0
368 57 57 0
369 57 57 0
370 57 57 0
371 58 58 0
372 58 58 0
373 58 60 0
374 58 59 0
375 58 62 0
376 58 58 0
377 58 58 0
378 58 58 0
379 58 58 0
380 58 63 0
381 58 58 0
382 58 58 0
383 58 59 0
384 58 62 0
385 59 59 0
386 59 59 0
387 59 63 0
388 59 59 0
389 59 59 0
390 59 64 0
391 59 59 0
392 59 63 0
393 59 59 0
394 59 63 0
395 59 63 0
396 59 59 0
397 59 59 0
398 59 59 0
399 59 64 0
400 59 59 0
401 59 59 0
402 59 63 0
403 59 59 0
404 59 59 0
405 59 59 0
406 59 59 0
407 59 61 0
408 59 62 0
409 59 59 0
410 59 59 0
411 60 69 0
412 60 74 0
413 60 60 0
414 60 61 0
415 60 64 0
416 60 60 0
417 60 60 0
418 60 62 0
419 60 64 0
420 60 80 0
421 60 60 0
422 60 60 0
423 60 64 0
424 60 74 0
425 60 62 0
426 60 61 0
427 60 64 0
428 60 61 0
429 60 64 0
430 61 65 0
431 61 62 0
432 61 62 0
433 61 65 0
434 61 65 0
435 61 61 0
436 61 65 0
437 61 61 0
438 61 65 0
439 61 61 0
440 61 70 0
441 61 70 0
442 61 62 0
443 61 61 0
444 61 61 0
445 61 61 0
446 61 61 0
447 61 61 0
448 62 64 0
449 62 70 0
450 62 66 0
451 62 66 0
452 62 62 0
453 62 62 0
454 62 62 0
455 62 62 0
456 62 62 0
457 62 62 0
458 62 64 0
459 62 66 0
460 62 66 0
461 62 79 0
462 62 62 0
463 62 62 0
464 62 62 0
465 62 66 0
466 63 72 0
467 63 67 0
468 63 67 0
469 63 71 0
470 63 67 0
471 63 63 0
472 63 63 0
473 63 63 0
474 63 63 0
475 63 67 0
476 63 73 0
477 63 63 0
478 63 65 0
479 63 63 0
480 63 67 0
481 63 63 0
482 63 67 0
483 64 73 0
484 64 64 0
485 64 65 0
486 64 68 0
487 64 78 0
488 64 65 0
489 64 68 0
490 64 64 0
491 64 64 0
492 64 64 0
493 64 64 0
494 64 68 0
495 64 64 0
496 65 66 0
497 65 79 0
498 65 84 0
499 65 74 0
500 65 69 0
501 65 65 0
502 65 74 0
503 65 69 0
504 65 69 0
505 65 65 0
506 65 65 0
507 65 75 0
508 65 65 0
509 65 65 0
510 66 70 0
511 66 70 0
512 66 84 0
513 66 70 0
514 66 75 0
515 66 70 0
516 66 66 0
517 66 71 0
518 66 66 0
519 66 66 0
520 66 80 0
521 66 66 0
522 66 66 0
523 67 86 0
524 67 71 0
525 67 81 0
526 67 71 0
527 67 68 0
528 67 76 0
529 67 67 0
530 67 67 0
531 67 67 0
532 67 67 0
533 67 71 0
534 68 87 0
535 68 72 0
536 68 72 0
537 68 72 0
538 68 69 0
539 68 69 0
540 68 69 0
541 68 68 0
542 68 72 0
543 68 68 0
544 68 68 0
545 68 68 0
546 69 73 0
547 69 115 0
548 69 73 0
549 69 69 0
550 69 69 0
551 69 69 0
552 69 69 0
553 70 74 0
554 70 70 0
555 70 79 0
556 70 70 0
557 70 70 0
558 70 70 0
559 70 74 0
560 70 71 0
561 70 73 0
562 70 74 0
563 70 70 0
564 70 70 0
565 70 70 0
566 70 70 0
567 70 79 0
568 70 70 0
569 70 70 0
570 70 74 0
571 71 80 0
572 71 75 0
573 71 80 0
574 71 75 0
575 71 80 0
576 71 71 0
577 71 71 0
578 71 71 0
579 71 71 0
580 71 71 0
581 71 71 0
582 71 71 0
583 71 85 0
584 71 85 0
585 71 71 0
586 71 75 0
587 71 75 0
588 71 75 0
589 71 71 0
590 72 76 0
591 72 76 0
592 72 81 0
593 72 76 0
594 72 72 0
595 72 72 0
596 72 72 0
597 72 72 0
598 72 76 0
599 73 81 0
600 73 116 0
601 73 77 0
602 73 82 0
603 73 77 0
604 73 82 0
605 73 73 0
606 73 85 0
607 73 73 0
608 74 83 0
609 74 83 0
610 74 78 0
611 74 78 0
612 74 74 0
613 74 74 0
614 74 74 0
615 74 74 0
616 74 74 0
617 74 78 0
618 74 74 0
619 74 74 0
620 75 79 0
621 75 84 0
622 75 84 0
623 75 84 0
624 75 79 0
625 75 84 0
626 75 79 0
627 75 75 0
628 75 75 0
629 75 75 0
630 75 79 0
631 76 81 0
632 76 80 0
633 76 88 0
634 76 80 0
635 76 80 0
636 76 78 0
637 76 76 0
638 76 76 0
639 76 76 0
640 76 85 0
641 77 86 0
642 77 81 0
643 77 85 0
644 77 80 0
645 77 88 0
646 77 77 0
647 78 82 0
648 78 87 0
649 78 78 0
650 78 78 0
651 78 78 0
652 79 85 0
653 79 88 0
654 79 83 0
655 79 79 0
656 79 79 0
657 79 79 0
658 79 79 0
659 79 83 0
660 79 79 0
661 80 84 0
662 80 84 0
663 80 84 0
664 80 97 0
665 80 89 0
666 80 80 0
667 80 85 0
668 80 80 0
669 80 84 0
670 80 84 0
671 80 80 0
672 80 84 0
673 80 85 0
674 80 89 0
675 80 84 0
676 81 82 0
677 81 85 0
678 81 86 0
679 81 85 0
680 81 85 0
681 81 84 0
682 81 82 0
683 81 85 0
684 81 81 0
685 81 81 0
686 82 86 0
687 82 83 0
688 82 83 0
689 82 82 0
690 82 82 0
691 82 86 0
692 82 82 0
693 82 82 0
694 82 82 0
695 82 86 0
696 82 82 0
697 82 82 0
698 82 82 0
699 83 87 0
700 83 86 0
701 83 87 0
702 83 87 0
703 83 85 0
704 83 83 0
705 83 87 0
706 83 83 0
707 83 83 0
708 83 83 0
709 84 84 0
710 84 88 0
711 84 84 0
712 84 86 0
713 84 84 0
714 84 93 0
715 84 84 0
716 84 84 0
717 84 84 0
718 84 84 0
719 84 84 0
720 84 84 0
721 84 86 0
722 84 84 0
723 84 84 0
724 84 84 0
725 84 84 0
726 84 84 0
727 85 89 0
728 85 89 0
729 85 89 0
730 85 89 0
731 85 86 0
732 85 89 0
733 85 89 0
734 85 87 0
735 85 94 0
736 85 94 0
737 85 88 0
738 85 86 0
739 85 85 0
740 85 85 0
741 85 88 0
742 85 94 0
743 85 85 0
744 85 85 0
745 85 90 0
746 85 94 0
747 85 85 0
748 85 89 0
749 85 89 0
750 85 89 0
751 85 99 0
752 85 95 0
753 85 85 0
754 86 95 0
755 86 90 0
756 86 100 0
757 86 90 0
758 86 95 0
759 86 100 0
760 86 90 0
761 86 86 0
762 86 90 0
763 86 100 606
764 86 90 606
765 86 86 0
766 86 86 0
767 86 86 0
768 86 90 0
769 86 86 0
770 86 86 0
771 86 86 0
772 86 86 0
773 86 90 0
774 86 86 0
775 86 86 0
776 86 100 0
777 86 86 0
778 86 95 0
779 86 86 0
780 86 86 0
781 86 86 0
782 86 86 0
783 86 86 0
784 86 86 0
785 86 100 0
786 86 86 0
787 86 86 0
788 86 90 0
789 86 86 0
790 86 86 0
791 86 87 0
792 86 95 0
793 87 95 0
794 87 91 0
795 87 96 0
796 87 96 0
797 87 106 0
798 87 87 0
799 87 91 0
800 87 87 0
801 87 87 0
802 87 96 0
803 87 96 0
804 87 87 0
805 87 87 0
806 87 87 0
807 87 87 0
808 87 96 0
809 87 89 0
810 87 87 0
811 87 88 0
812 87 96 0
813 87 87 0
814 87 87 0
815 87 91 0
816 87 91 0
817 87 87 0
818 87 97 0
819 87 91 0
820 87 96 0
821 87 87 0
822 87 91 0
823 87 96 0
824 87 91 0
825 87 87 0
826 87 88 0
827 87 87 0
828 87 87 0
829 87 96 0
830 87 87 0
831 87 92 0
832 87 87 0
833 87 91 0
834 87 87 0
835 88 92 0
836 88 89 0
837 88 102 0
838 88 97 0
839 88 92 0
840 88 92 0
841 88 93 0
842 88 92 0
843 88 88 0
844 88 97 0
845 88 92 0
846 88 88 0
847 88 88 0
848 88 92 0
849 88 88 0
850 88 92 0
851 88 90 0
852 89 93 0
853 89 95 0
854 89 93 0
855 89 93 0
856 89 89 0
857 89 89 0
858 89 89 0
859 89 93 0
860 89 93 0
861 89 93 0
862 89 98 0
863 89 89 0
864 89 93 0
865 89 89 0
866 89 89 0
867 89 93 0
868 89 89 0
869 89 93 0
870 89 89 0
871 89 89 0
872 90 94 0
873 90 107 0
874 90 94 0
875 90 94 0
876 90 94 0
877 90 99 0
878 90 99 0
879 90 104 0
880 90 104 0
881 90 94 0
882 90 94 0
883 90 94 0
884 90 94 0
885 90 100 0
886 90 90 0
887 90 90 0
888 90 90 0
889 90 94 0
890 91 95 0
891 91 95 0
892 91 95 0
893 91 95 0
894 91 100 0
895 91 100 0
896 91 100 0
897 91 95 0
898 91 95 0
899 91 91 0
900 91 91 0
901 91 91 0
902 91 95 0
903 91 91 0
904 91 91 0
905 91 95 0
906 91 91 0
907 91 91 0
908 92 101 0
909 92 96 0
910 92 116 0
911 92 94 0
912 92 96 0
913 92 96 0
914 92 96 0
915 92 92 0
916 92 92 0
917 92 92 0
918 92 92 0
919 93 97 0
920 93 97 0
921 93 97 0
922 93 97 0
923 93 97 0
924 93 97 0
925 93 97 0
926 93 93 0
927 93 93 0
928 93 93 0
929 93 93 0
930 93 93 0
931 93 97 0
932 93 97 0
933 94 113 0
934 94 108 0
935 94 103 0
936 94 98 0
937 94 113 0
938 94 98 0
939 94 113 0
940 94 111 0
941 94 113 0
942 94 98 0
943 94 95 0
944 94 94 0
945 94 94 0
946 94 94 0
947 94 94 0
948 95 104 0
949 95 99 0
950 95 119 0
951 95 99 0
952 95 99 0
953 95 99 0
954 95 99 0
955 95 116 0
956 95 99 0
957 95 97 0
958 95 99 0
959 95 99 0
960 95 95 0
961 95 95 0
962 95 95 0
963 95 109 0
964 95 95 0
965 95 95 0
966 95 95 0
967 95 95 0
968 95 95 0
969 95 96 0
970 96 100 0
971 96 100 0
972 96 100 0
973 96 100 0
974 96 100 0
975 96 105 0
976 96 103 0
977 96 105 0
978 96 100 0
979 96 99 0
980 96 105 0
981 96 100 0
982 96 100 0
983 96 96 0
984 96 101 0
985 96 96 0
986 96 96 0
987 96 96 0
988 96 96 0
989 96 100 0
990 96 96 0
991 96 96 0
992 96 96 0
993 96 96 0
994 96 96 0
995 96 100 0
996 97 111 0
997 97 106 0
998 97 97 0
999 97 101 0
1000 97 101 0
1001 97 106 0
1002 97 121 0
1003 97 101 0
1004 97 106 0
1005 97 101 0
1006 97 101 0
1007 97 101 0
1008 97 101 0
1009 97 97 0
1010 97 97 0
1011 97 97 0
1012 97 97 0
1013 97 112 0
1014 97 97 0
1015 97 97 0
1016 97 116 0
1017 97 101 0
1018 97 97 0
1019 98 102 0
1020 98 102 0
1021 98 112 0
1022 98 102 0
1023 98 102 0
1024 98 102 0
1025 98 102 0
1026 98 98 0
1027 98 107 0
1028 98 110 0
1029 98 98 0
1030 98 98 0
1031 98 107 0
1032 98 102 0
1033 98 98 0
1034 98 103 0
1035 98 99 0
1036 98 107 0
1037 99 114 0
1038 99 108 0
1039 99 103 0
1040 99 103 0
1041 99 101 0
1042 99 99 0
1043 99 108 0
1044 99 99 0
1045 99 99 0
1046 99 99 0
1047 99 107 0
1048 99 99 0
1049 99 104 0
1050 99 99 0
1051 99 103 0
1052 99 99 0
1053 99 99 0
1054 100 109 0
1055 100 105 0
1056 100 104 0
1057 100 104 0
1058 100 104 0
1059 100 101 0
1060 100 104 0
1061 100 104 0
1062 100 104 0
1063 100 109 0
1064 100 104 0
1065 100 100 0
1066 100 100 0
1067 100 100 0
1068 101 105 0
1069 101 104 0
1070 101 105 0
1071 101 105 0
1072 101 115 0
1073 101 105 0
1074 101 105 0
1075 101 115 0
1076 101 105 0
1077 101 105 0
1078 101 113 0
1079 101 112 0
1080 101 106 0
1081 101 121 0
1082 101 105 0
1083 101 105 0
1084 101 110 0
1085 101 105 0
1086 101 101 0
1087 101 101 0
1088 101 101 0
1089 101 101 0
1090 101 105 0
1091 101 101 0
1092 101 101 0
1093 101 105 0
1094 101 105 0
1095 101 101 0
1096 101 101 0
1097 102 106 0
1098 102 108 0
1099 102 106 0
1100 102 106 0
1101 102 121 0
1102 102 111 0
1103 102 106 0
1104 102 106 0
1105 102 106 0
1106 102 102 0
1107 102 102 0
1108 102 111 0
1109 102 102 0
1110 102 102 0
1111 102 102 0
1112 102 102 0
1113 102 102 0
1114 102 106 0
1115 102 102 0
1116 102 126 0
1117 102 102 0
1118 102 102 0
1119 103 107 0
1120 103 107 0
1121 103 107 0
1122 103 107 0
1123 103 112 0
1124 103 107 0
1125 103 107 0
1126 103 103 0
1127 103 110 0
1128 103 107 0
1129 103 103 0
1130 103 103 0
1131 103 103 0
1132 103 112 0
1133 103 103 0
1134 103 103 0
1135 103 106 0
1136 103 103 0
1137 103 103 0
1138 103 103 0
1139 104 108 0
1140 104 113 0
1141 104 106 0
1142 104 113 0
1143 104 108 0
1144 104 104 0
1145 104 107 0
1146 104 104 0
1147 104 104 0
1148 104 104 0
1149 104 104 0
1150 104 104 0
1151 104 104 0
1152 104 104 0
1153 104 104 0
1154 104 104 0
1155 104 104 0
1156 104 104 0
1157 105 114 0
1158 105 109 0
1159 105 109 0
1160 105 111 0
1161 105 114 0
1162 105 109 0
1163 105 109 0
1164 105 109 0
1165 105 110 0
1166 105 109 0
1167 105 107 0
1168 105 105 0
1169 105 109 0
1170 105 105 0
1171 105 105 0
1172 105 105 0
1173 105 105 0
1174 105 105 0
1175 105 105 0
1176 105 105 0
1177 105 105 0
1178 105 105 0
1179 105 105 0
1180 105 105 0
1181 105 105 0
1182 105 105 0
1183 106 109 0
1184 106 110 0
1185 106 110 0
1186 106 110 0
1187 106 110 0
1188 106 115 0
1189 106 110 0
1190 106 110 0
1191 106 115 0
1192 106 115 0
1193 106 110 0
1194 106 110 0
1195 106 109 0
1196 106 106 0
1197 106 110 0
1198 106 109 0
1199 106 120 0
1200 106 106 0
1201 106 106 0
1202 106 106 0
1203 106 122 0
1204 106 106 0
1205 106 106 0
1206 106 106 0
1207 106 109 0
1208 106 106 0
1209 106 115 0
1210 107 112 0
1211 107 111 0
1212 107 111 0
1213 107 111 0
1214 107 116 0
1215 107 116 0
1216 107 111 0
1217 107 111 0
1218 107 107 0
1219 107 111 0
1220 107 116 0
1221 107 111 0
1222 107 107 0
1223 107 107 0
1224 107 117 0
1225 107 108 0
1226 107 107 0
1227 107 107 0
1228 107 107 0
1229 107 111 0
1230 107 107 0
1231 107 107 0
1232 107 107 0
1233 107 107 0
1234 107 107 0
1235 107 107 0
1236 108 112 0
1237 108 112 0
1238 108 117 0
1239 108 113 0
1240 108 127 0
1241 108 112 0
1242 108 112 0
1243 108 117 0
1244 108 112 0
1245 108 112 0
1246 108 108 0
1247 108 108 0
1248 108 108 0
1249 108 108 0
1250 108 112 0
1251 108 108 0
1252 108 108 0
1253 108 112 0
1254 108 117 0
1255 108 108 0
1256 108 108 0
1257 108 108 0
1258 108 109 0
1259 108 108 0
1260 108 108 0
1261 109 117 0
1262 109 114 0
1263 109 110 0
1264 109 113 0
1265 109 113 0
1266 109 109 0
1267 109 109 0
1268 109 110 0
1269 109 109 0
1270 109 113 0
1271 109 113 0
1272 109 109 0
1273 109 109 0
1274 109 109 0
1275 109 109 0
1276 110 111 0
1277 110 114 0
1278 110 112 0
1279 110 113 0
1280 110 112 0
1281 110 114 0
1282 110 114 0
1283 110 114 0
1284 110 115 0
1285 110 114 0
1286 110 114 0
1287 110 110 0
1288 110 114 0
1289 110 110 0
1290 110 114 0
1291 110 110 0
1292 110 120 0
1293 110 114 0
1294 110 110 0
1295 110 110 0
1296 110 120 0
1297 110 110 0
1298 110 114 0
1299 111 115 0
1300 111 125 0
1301 111 112 0
1302 111 115 0
1303 111 115 0
1304 111 115 0
1305 111 119 0
1306 111 115 0
1307 111 115 0
1308 111 115 0
1309 111 115 1127
1310 111 115 1127
1311 111 111 0
1312 111 111 0
1313 111 111 0
1314 111 115 0
1315 111 112 0
1316 111 111 0
1317 111 111 0
1318 111 111 0
1319 111 120 0
1320 111 111 0
1321 111 111 0
1322 111 111 0
1323 111 111 0
1324 112 113 0
1325 112 121 0
1326 112 112 0
1327 112 116 0
1328 112 121 0
1329 112 116 0
1330 112 112 0
1331 112 116 0
1332 112 116 0
1333 112 121 0
1334 112 116 0
1335 112 132 0
1336 112 112 0
1337 112 112 0
1338 112 112 0
1339 112 112 0
1340 112 112 0
1341 112 116 0
1342 112 112 0
1343 112 116 0
1344 112 112 0
1345 112 120 0
1346 112 112 0
1347 112 112 0
1348 112 112 0
1349 113 122 0
1350 113 117 0
1351 113 122 0
1352 113 117 0
1353 113 117 0
1354 113 117 0
1355 113 132 0
1356 113 117 0
1357 113 117 0
1358 113 125 0
1359 113 122 0
1360 113 117 0
1361 113 117 0
1362 113 116 0
1363 113 113 0
1364 113 113 0
1365 113 122 0
1366 113 113 0
1367 113 113 0
1368 113 115 0
1369 113 113 0
1370 113 113 0
1371 113 117 0
1372 113 113 0
1373 113 113 0
1374 114 120 0
1375 114 118 0
1376 114 122 0
1377 114 118 0
1378 114 118 0
1379 114 118 0
1380 114 118 0
1381 114 120 0
1382 114 128 0
1383 114 114 0
1384 114 116 0
1385 114 114 0
1386 114 118 0
1387 114 114 0
1388 114 118 0
1389 115 117 0
1390 115 119 0
1391 115 116 0
1392 115 119 0
1393 115 119 0
1394 115 120 0
1395 115 119 0
1396 115 116 0
1397 115 119 0
1398 115 118 0
1399 115 119 0
1400 115 115 0
1401 115 119 0
1402 115 120 0
1403 115 116 0
1404 115 115 0
1405 115 115 0
1406 115 115 0
1407 115 120 0
1408 115 119 0
1409 115 115 0
1410 115 115 0
1411 115 115 0
1412 115 115 0
1413 115 118 0
1414 115 115 0
1415 115 115 0
1416 115 119 0
1417 115 115 0
1418 115 115 0
1419 115 120 0
1420 116 125 0
1421 116 120 0
1422 116 120 0
1423 116 119 0
1424 116 120 0
1425 116 120 0
1426 116 118 0
1427 116 120 0
1428 116 117 0
1429 116 120 0
1430 116 132 0
1431 116 120 0
1432 116 120 0
1433 116 120 0
1434 116 116 0
1435 116 116 0
1436 116 125 0
1437 116 116 0
1438 116 120 0
1439 116 116 0
1440 116 116 0
1441 116 116 0
1442 116 116 0
1443 116 116 0
1444 116 116 0
1445 116 120 0
1446 116 116 0
1447 116 116 0
1448 116 116 0
1449 116 116 0
1450 117 122 0
1451 117 121 0
1452 117 123 0
1453 117 120 0
1454 117 121 0
1455 117 121 0
1456 117 118 0
1457 117 120 0
1458 117 126 0
1459 117 119 0
1460 117 121 0
1461 117 122 0
1462 117 121 0
1463 117 121 0
1464 117 120 0
1465 117 120 0
1466 117 117 0
1467 117 117 0
1468 117 117 0
1469 117 120 0
1470 117 120 0
1471 117 117 0
1472 117 117 0
1473 117 117 0
1474 117 121 0
1475 117 117 0
1476 117 117 0
1477 117 117 0
1478 117 119 0
1479 118 122 0
1480 118 127 0
1481 118 132 0
1482 118 119 0
1483 118 122 0
1484 118 122 0
1485 118 122 0
1486 118 122 0
1487 118 122 0
1488 118 137 0
1489 118 155 0
1490 118 118 0
1491 118 119 1254
1492 118 122 1254
1493 118 118 0
1494 118 122 0
1495 118 118 0
1496 118 118 0
1497 118 118 0
1498 118 118 0
1499 118 118 0
1500 118 118 0
1501 118 122 0
1502 118 118 0
1503 118 118 0
1504 118 118 0
1505 118 122 0
1506 118 120 0
1507 118 123 0
1508 118 122 0
1509 118 118 0
1510 118 118 0
1511 118 118 0
1512 118 118 0
1513 119 125 0
1514 119 123 0
1515 119 123 0
1516 119 124 0
1517 119 121 0
1518 119 123 0
1519 119 119 0
1520 119 121 0
1521 119 119 0
1522 119 127 0
1523 119 138 0
1524 119 119 0
1525 119 119 0
1526 119 123 0
1527 119 119 0
1528 119 120 0
1529 119 119 0
1530 119 119 0
1531 119 129 0
1532 119 119 0
1533 119 119 0
1534 119 120 0
1535 119 119 0
1536 119 133 0
1537 119 123 0
1538 120 120 0
1539 120 129 0
1540 120 124 0
1541 120 134 0
1542 120 120 0
1543 120 124 0
1544 120 139 0
1545 120 129 0
1546 120 121 0
1547 120 124 0
1548 120 123 0
1549 120 148 1491
1550 120 122 1491
1551 120 120 0
1552 120 134 0
1553 120 120 0
1554 120 124 0
1555 120 125 0
1556 120 124 0
1557 120 120 0
1558 120 120 0
1559 120 120 0
1560 120 121 0
1561 120 124 0
1562 120 120 0
1563 120 124 0
1564 120 125 0
1565 120 120 0
1566 120 124 0
1567 120 120 0
1568 120 120 0
1569 120 124 0
1570 120 124 0
1571 120 120 0
1572 120 120 0
1573 120 122 0
1574 120 120 0
1575 120 120 0
1576 120 125 0
1577 120 120 0
1578 120 120 0
1579 120 120 0
1580 120 120 0
1581 120 129 0
1582 120 121 0
1583 121 125 0
1584 121 121 0
1585 121 122 0
1586 121 125 0
1587 121 148 0
1588 121 124 0
1589 121 123 0
1590 121 125 0
1591 121 130 0
1592 121 125 0
1593 121 125 0
1594 121 131 0
1595 121 123 0
1596 121 130 0
1597 121 122 0
1598 121 133 0
1599 121 135 0
1600 121 125 1407
1601 121 125 1407
1602 121 121 0
1603 121 121 0
1604 121 121 0
1605 121 121 0
1606 121 130 0
1607 121 121 0
1608 121 122 0
1609 121 122 0
1610 121 125 0
1611 121 121 0
1612 121 121 0
1613 121 140 0
1614 121 121 0
1615 121 121 0
1616 121 140 0
1617 121 154 0
1618 121 122 0
1619 121 130 0
1620 121 121 0
1621 121 131 0
1622 121 121 0
1623 121 121 0
1624 121 121 0
1625 121 122 0
1626 121 121 0
1627 121 122 0
1628 121 121 0
1629 121 123 0
1630 121 132 0
1631 121 125 0
1632 121 121 0
1633 121 121 0
1634 121 121 0
1635 121 121 0
1636 121 121 0
1637 121 121 0
1638 121 130 0
1639 121 121 0
1640 121 121 0
1641 121 125 0
1642 121 125 0
1643 121 121 0
1644 121 125 0
1645 121 121 0
1646 122 131 0
1647 122 126 0
1648 122 125 0
1649 122 122 0
1650 122 131 0
1651 122 125 0
1652 122 144 0
1653 122 131 0
1654 122 122 0
1655 122 134 0
1656 122 146 0
1657 122 122 0
1658 122 122 0
1659 122 131 0
1660 122 122 0
1661 122 122 0
1662 122 122 0
1663 122 132 0
1664 122 122 0
1665 122 122 0
1666 122 122 0
1667 122 151 0
1668 122 126 0
1669 122 122 0
1670 122 122 0
1671 122 126 0
1672 122 122 0
1673 122 122 0
1674 122 122 0
1675 122 126 0
1676 122 122 0
1677 122 122 0
1678 122 146 0
1679 122 129 0
1680 122 127 0
1681 122 128 0
1682 122 122 0
1683 122 126 0
1684 122 123 0
1685 122 122 0
1686 122 122 0
1687 122 136 0
1688 122 122 0
1689 122 131 0
1690 122 122 0
1691 123 137 0
1692 123 138 0
1693 123 129 0
1694 123 124 0
1695 123 128 0
1696 123 137 0
1697 123 124 0
1698 123 137 0
1699 123 137 0
1700 123 136 0
1701 123 145 0
1702 123 127 0
1703 123 127 0
1704 123 132 0
1705 123 123 0
1706 123 123 0
1707 123 132 0
1708 123 123 0
1709 123 127 0
1710 123 128 0
1711 123 123 0
1712 123 123 0
1713 123 124 0
1714 123 127 0
1715 123 123 0
1716 123 123 0
1717 123 125 0
1718 123 123 0
1719 123 127 0
1720 123 123 0
1721 123 128 0
1722 123 123 0
1723 123 123 0
1724 123 123 0
1725 123 127 0
1726 123 123 0
1727 123 128 0
1728 123 124 0
1729 123 126 0
1730 123 132 0
1731 123 124 0
1732 123 123 0
1733 123 123 0
1734 123 137 0
1735 123 123 0
1736 123 123 0
1737 123 128 0
1738 123 126 0
1739 123 123 0
1740 123 127 0
1741 123 123 0
1742 123 123 0
1743 123 123 0
1744 123 123 0
1745 123 142 0
1746 123 123 0
1747 123 123 0
1748 123 123 0
1749 124 133 0
1750 124 127 0
1751 124 138 0
1752 124 138 0
1753 124 128 0
1754 124 128 0
1755 124 126 0
1756 124 128 0
1757 124 124 0
1758 124 126 0
1759 124 124 0
1760 124 124 0
1761 124 124 0
1762 124 143 0
1763 124 124 0
1764 124 128 0
1765 124 124 0
1766 124 126 0
1767 124 124 0
1768 124 124 0
1769 124 124 0
1770 124 133 0
1771 124 128 0
1772 124 124 0
1773 124 124 0
1774 124 128 0
1775 124 124 0
1776 124 124 0
1777 124 124 0
1778 124 124 0
1779 124 128 0
1780 124 128 0
1781 124 124 0
1782 124 124 0
1783 124 138 0
1784 124 128 0
1785 124 125 0
1786 124 124 0
1787 124 124 0
1788 124 124 0
1789 124 124 0
1790 124 127 0
1791 124 124 0
1792 124 124 0
1793 124 124 0
1794 124 131 0
1795 124 124 0
1796 124 124 0
1797 124 138 0
1798 124 128 0
1799 125 129 0
1800 125 137 0
1801 125 144 0
1802 125 133 0
1803 125 134 0
1804 125 126 0
1805 125 133 0
1806 125 129 0
1807 125 126 0
1808 125 129 0
1809 125 134 0
1810 125 129 0
1811 125 134 0
1812 125 125 0
1813 125 125 0
1814 125 125 0
1815 125 134 0
1816 125 125 0
1817 125 129 0
1818 125 125 0
1819 125 125 0
1820 125 125 0
1821 125 128 0
1822 125 149 0
1823 125 127 0
1824 125 130 0
1825 125 129 0
1826 125 126 0
1827 125 125 0
1828 125 128 0
1829 125 134 0
1830 125 125 0
1831 125 129 0
1832 125 125 0
1833 125 129 0
1834 125 129 0
1835 125 125 0
1836 125 134 0
1837 125 125 0
1838 125 125 0
1839 126 130 0
1840 126 130 0
1841 126 130 0
1842 126 130 0
1843 126 130 0
1844 126 130 0
1845 126 130 0
1846 126 135 0
1847 126 128 0
1848 126 130 0
1849 126 135 0
1850 126 128 0
1851 126 147 0
1852 126 130 0
1853 126 145 0
1854 126 130 0
1855 126 126 0
1856 126 126 0
1857 126 130 0
1858 126 126 0
1859 126 130 0
1860 126 126 0
1861 126 126 0
1862 126 126 0
1863 126 126 0
1864 126 126 0
1865 126 129 0
1866 126 126 0
1867 126 126 0
1868 126 127 0
1869 126 126 0
1870 126 126 0
1871 126 145 0
1872 126 150 0
1873 126 126 0
1874 126 131 0
1875 126 126 0
1876 126 126 0
1877 126 126 0
1878 126 126 0
1879 126 126 0
1880 126 126 0
1881 126 130 0
1882 126 126 0
1883 126 126 0
1884 126 127 0
1885 126 126 0
1886 126 127 0
1887 126 126 0
1888 127 131 0
1889 127 159 0
1890 127 139 0
1891 127 128 0
1892 127 131 0
1893 127 131 0
1894 127 127 0
1895 127 127 0
1896 127 127 0
1897 127 132 0
1898 127 132 0
1899 127 146 0
1900 127 127 0
1901 127 131 0
1902 127 127 0
1903 127 127 0
1904 127 127 0
1905 127 127 0
1906 127 136 0
1907 127 131 0
1908 127 127 0
1909 127 131 0
1910 127 132 0
1911 127 127 0
1912 127 134 0
1913 127 127 0
1914 127 127 0
1915 127 127 0
1916 127 127 0
1917 127 127 0
1918 127 127 0
1919 127 127 0
1920 127 127 0
1921 127 127 0
1922 127 127 0
1923 128 130 0
1924 128 132 0
1925 128 132 0
1926 128 132 0
1927 128 130 0
1928 128 132 0
1929 128 162 0
1930 128 132 0
1931 128 132 0
1932 128 128 1680
1933 128 140 1680
1934 128 128 0
1935 128 128 0
1936 128 132 0
1937 128 128 0
1938 128 128 0
1939 128 128 0
1940 128 128 0
1941 128 134 0
1942 128 130 0
1943 128 128 0
1944 128 130 0
1945 128 128 0
1946 128 132 0
1947 128 128 0
1948 128 131 0
1949 128 130 0
1950 128 128 0
1951 128 128 0
1952 128 128 0
1953 128 130 0
1954 128 128 0
1955 128 128 0
1956 128 132 0
1957 128 128 0
1958 128 128 0
1959 128 133 0
1960 128 128 0
1961 128 142 0
1962 128 128 0
1963 129 138 0
1964 129 133 0
1965 129 140 0
1966 129 135 0
1967 129 133 0
1968 129 148 0
1969 129 133 0
1970 129 133 0
1971 129 130 0
1972 129 131 0
1973 129 138 0
1974 129 134 0
1975 129 131 0
1976 129 129 0
1977 129 133 0
1978 129 129 0
1979 129 129 0
1980 129 133 0
1981 129 129 0
1982 129 129 0
1983 129 138 0
1984 129 129 0
1985 129 129 0
1986 129 141 0
1987 129 129 0
1988 129 148 0
1989 129 129 0
1990 129 131 0
1991 129 130 0
1992 129 129 0
1993 129 129 0
1994 129 148 0
1995 129 129 0
1996 129 129 0
1997 129 129 0
1998 129 130 0
1999 129 133 0
2000 129 129 0
2001 129 133 0
2002 129 129 0
2003 129 129 0
2004 129 129 0
2005 129 138 0
2006 130 147 0
2007 130 148 0
2008 130 134 0
2009 130 134 0
2010 130 130 0
2011 130 130 0
2012 130 130 0
2013 130 131 0
2014 130 134 0
2015 130 130 0
2016 130 130 0
2017 130 130 0
2018 130 130 0
2019 130 130 0
2020 130 131 0
2021 130 130 0
2022 130 134 0
2023 130 134 0
2024 130 130 0
2025 130 131 0
2026 130 130 0
2027 130 130 0
2028 130 136 0
2029 130 139 0
2030 130 130 0
2031 130 132 0
2032 130 130 0
2033 130 130 0
2034 130 134 0
2035 130 130 0
2036 130 131 0
2037 130 130 0
2038 130 134 0
2039 130 130 0
2040 130 130 0
2041 130 130 0
2042 130 130 0
2043 131 150 0
2044 131 133 0
2045 131 132 0
2046 131 140 0
2047 131 140 0
2048 131 142 0
2049 131 135 0
2050 131 145 0
2051 131 135 0
2052 131 149 0
2053 131 135 0
2054 131 140 0
2055 131 145 0
2056 131 135 0
2057 131 145 0
2058 131 135 0
2059 131 135 0
2060 131 135 0
2061 131 135 0
2062 131 135 0
2063 131 135 0
2064 131 141 0
2065 131 150 0
2066 131 150 0
2067 131 131 0
2068 131 131 0
2069 131 135 0
2070 131 132 0
2071 131 150 0
2072 131 136 0
2073 131 131 0
2074 131 133 0
2075 131 131 0
2076 131 131 0
2077 131 145 0
2078 131 131 0
2079 131 132 0
2080 131 133 0
2081 131 132 0
2082 131 131 0
2083 131 131 0
2084 131 135 0
2085 131 131 0
2086 131 131 0
2087 131 131 0
2088 131 135 0
2089 131 131 0
2090 131 131 0
2091 131 131 0
2092 132 136 0
2093 132 136 0
2094 132 133 0
2095 132 132 0
2096 132 136 0
2097 132 136 0
2098 132 133 0
2099 132 136 0
2100 132 136 0
2101 132 135 0
2102 132 136 0
2103 132 136 0
2104 132 132 0
2105 132 132 0
2106 132 136 0
2107 132 132 0
2108 132 132 0
2109 132 132 0
2110 132 132 0
2111 132 134 0
2112 132 132 0
2113 132 132 0
2114 132 132 0
2115 132 132 0
2116 132 132 0
2117 132 132 0
2118 132 135 0
2119 132 132 0
2120 132 132 0
2121 132 143 0
2122 132 132 0
2123 132 132 0
2124 132 132 0
2125 132 135 0
2126 132 141 0
2127 132 136 0
2128 132 135 0
2129 132 132 0
2130 132 132 0
2131 132 132 0
2132 132 132 0
2133 132 132 0
2134 132 159 0
2135 132 132 0
2136 133 152 0
2137 133 137 0
2138 133 137 0
2139 133 137 0
2140 133 136 0
2141 133 133 0
2142 133 137 0
2143 133 137 0
2144 133 133 0
2145 133 136 0
2146 133 136 0
2147 133 136 0
2148 133 137 2031
2149 133 133 2031
2150 133 133 0
2151 133 133 0
2152 133 133 0
2153 133 133 0
2154 133 137 0
2155 133 133 0
2156 133 137 0
2157 133 133 0
2158 133 138 0
2159 133 133 0
2160 133 133 0
2161 133 169 0
2162 133 137 0
2163 133 133 0
2164 133 133 0
2165 133 134 0
2166 133 133 0
2167 133 133 0
2168 133 137 0
2169 133 137 0
2170 133 147 0
2171 133 133 0
2172 133 133 0
2173 133 133 0
2174 133 133 0
2175 133 133 0
2176 133 137 0
2177 133 133 0
2178 133 137 0
2179 133 135 0
2180 133 133 0
2181 133 133 0
2182 133 133 0
2183 133 133 0
2184 133 133 0
2185 134 143 0
2186 134 158 0
2187 134 138 0
2188 134 138 0
2189 134 138 0
2190 134 138 0
2191 134 137 0
2192 134 138 0
2193 134 138 0
2194 134 138 0
2195 134 134 0
2196 134 139 0
2197 134 134 2080
2198 134 138 2080
2199 134 134 0
2200 134 138 0
2201 134 134 0
2202 134 143 0
2203 134 138 0
2204 134 134 0
2205 134 138 0
2206 134 134 0
2207 134 138 0
2208 134 134 0
2209 134 134 0
2210 134 134 0
2211 134 138 0
2212 134 135 0
2213 134 134 0
2214 134 134 0
2215 134 134 0
2216 134 134 0
2217 134 138 0
2218 134 138 0
2219 134 137 0
2220 134 134 0
2221 134 134 0
2222 134 134 0
2223 134 134 0
2224 134 134 0
2225 134 138 0
2226 134 134 0
2227 134 143 0
2228 135 144 0
2229 135 141 0
2230 135 159 0
2231 135 138 0
2232 135 139 0
2233 135 154 0
2234 135 139 0
2235 135 139 0
2236 135 149 0
2237 135 138 0
2238 135 166 0
2239 135 139 0
2240 135 139 0
2241 135 135 0
2242 135 135 0
2243 135 144 0
2244 135 135 0
2245 135 135 0
2246 135 135 0
2247 135 135 0
2248 135 135 0
2249 135 135 0
2250 135 152 0
2251 135 135 0
2252 135 135 0
2253 135 135 0
2254 135 139 0
2255 135 135 0
2256 135 135 0
2257 135 135 0
2258 135 149 0
2259 135 139 0
2260 135 135 0
2261 135 135 0
2262 135 135 0
2263 135 139 0
2264 135 136 0
2265 135 135 0
2266 135 135 0
2267 135 144 0
2268 135 139 0
2269 136 145 0
2270 136 140 0
2271 136 136 0
2272 136 143 0
2273 136 139 0
2274 136 136 0
2275 136 140 0
2276 136 138 0
2277 136 145 0
2278 136 152 0
2279 136 136 0
2280 136 140 0
2281 136 140 0
2282 136 165 0
2283 136 136 0
2284 136 143 0
2285 136 166 0
2286 136 136 0
2287 136 136 0
2288 136 147 0
2289 136 136 0
2290 136 137 0
2291 136 136 0
2292 136 136 0
2293 136 136 0
2294 136 136 0
2295 136 136 0
2296 136 145 0
2297 136 136 0
2298 136 136 0
2299 136 136 0
2300 136 140 0
2301 136 136 0
2302 136 136 0
2303 136 136 0
2304 136 136 0
2305 136 140 0
2306 136 140 0
2307 137 146 0
2308 137 137 0
2309 137 139 0
2310 137 137 0
2311 137 141 0
2312 137 141 0
2313 137 139 0
2314 137 157 0
2315 137 140 0
2316 137 137 0
2317 137 152 0
2318 137 137 0
2319 137 138 0
2320 137 137 0
2321 137 138 0
2322 137 141 0
2323 137 137 0
2324 137 137 0
2325 137 137 0
2326 137 137 0
2327 137 141 0
2328 137 141 0
2329 137 140 0
2330 137 137 0
2331 137 137 0
2332 137 137 0
2333 137 138 0
2334 137 137 0
2335 137 142 0
2336 137 146 0
2337 137 137 0
2338 137 147 0
2339 138 152 0
2340 138 138 0
2341 138 142 0
2342 138 142 0
2343 138 141 0
2344 138 142 0
2345 138 145 0
2346 138 147 0
2347 138 152 0
2348 138 147 0
2349 138 142 0
2350 138 140 0
2351 138 152 0
2352 138 142 0
2353 138 142 0
2354 138 143 0
2355 138 138 0
2356 138 152 0
2357 138 140 0
2358 138 144 0
2359 138 138 0
2360 138 138 0
2361 138 142 0
2362 138 140 0
2363 138 142 0
2364 138 146 0
2365 138 138 0
2366 138 141 0
2367 138 138 0
2368 138 138 0
2369 138 142 0
2370 138 138 0
2371 138 138 0
2372 138 141 0
2373 138 138 0
2374 138 147 0
2375 138 138 0
2376 138 138 0
2377 138 142 0
2378 138 152 0
2379 138 138 0
2380 138 138 0
2381 138 138 0
2382 138 138 0
2383 139 143 0
2384 139 148 0
2385 139 146 0
2386 139 139 0
2387 139 156 0
2388 139 143 0
2389 139 146 0
2390 139 143 0
2391 139 143 0
2392 139 143 0
2393 139 143 0
2394 139 143 0
2395 139 153 0
2396 139 144 0
2397 139 143 0
2398 139 158 0
2399 139 153 0
2400 139 143 0
2401 139 145 0
2402 139 143 0
2403 139 142 0
2404 139 153 0
2405 139 146 0
2406 139 143 0
2407 139 140 0
2408 139 149 0
2409 139 139 0
2410 139 139 0
2411 139 139 0
2412 139 144 0
2413 139 139 0
2414 139 158 0
2415 139 141 0
2416 139 139 0
2417 139 140 0
2418 139 139 0
2419 139 139 0
2420 139 145 0
2421 139 139 0
2422 139 139 0
2423 139 139 0
2424 139 141 0
2425 139 148 0
2426 139 139 0
2427 139 139 0
2428 139 139 0
2429 139 139 0
2430 139 139 0
2431 139 139 0
2432 139 143 0
2433 140 149 0
2434 140 144 0
2435 140 155 0
2436 140 144 0
2437 140 140 0
2438 140 143 0
2439 140 144 0
2440 140 140 0
2441 140 144 0
2442 140 140 0
2443 140 140 0
2444 140 140 0
2445 140 140 0
2446 140 140 0
2447 140 140 0
2448 140 140 0
2449 140 144 0
2450 140 140 0
2451 140 149 0
2452 140 140 0
2453 140 144 0
2454 140 140 0
2455 140 140 0
2456 140 140 0
2457 140 160 0
2458 140 147 0
2459 140 140 0
2460 140 140 0
2461 140 140 0
2462 140 140 0
2463 140 140 0
2464 140 144 0
2465 140 140 0
2466 140 144 0
2467 140 140 0
2468 140 142 0
2469 141 146 0
2470 141 157 0
2471 141 155 0
2472 141 145 0
2473 141 145 0
2474 141 144 0
2475 141 150 0
2476 141 185 0
2477 141 150 0
2478 141 145 0
2479 141 145 0
2480 141 141 0
2481 141 142 0
2482 141 141 0
2483 141 141 0
2484 141 141 0
2485 141 145 0
2486 141 145 0
2487 141 141 0
2488 141 141 0
2489 141 141 0
2490 141 145 0
2491 141 149 0
2492 141 145 0
2493 141 156 0
2494 141 147 0
2495 141 143 0
2496 141 152 0
2497 141 141 0
2498 141 141 0
2499 141 141 0
2500 141 141 0
2501 141 143 0
2502 141 141 0
2503 141 141 0
2504 141 141 0
2505 141 141 0
2506 142 146 0
2507 142 146 0
2508 142 148 0
2509 142 142 0
2510 142 154 0
2511 142 146 0
2512 142 146 0
2513 142 142 0
2514 142 143 0
2515 142 142 0
2516 142 143 0
2517 142 142 0
2518 142 142 0
2519 142 142 0
2520 142 151 0
2521 142 145 0
2522 142 151 0
2523 142 144 0
2524 142 143 0
2525 142 142 0
2526 142 142 0
2527 142 142 0
2528 142 142 0
2529 142 142 0
2530 142 142 0
2531 142 142 0
2532 142 151 0
2533 142 145 0
2534 142 142 0
2535 142 142 0
2536 142 142 0
2537 142 151 0
2538 142 142 0
2539 142 142 0
2540 142 142 0
2541 142 151 0
2542 142 142 0
2543 142 142 0
2544 142 146 0
2545 142 142 0
2546 143 152 0
2547 143 147 0
2548 143 147 0
2549 143 152 0
2550 143 152 0
2551 143 149 0
2552 143 147 0
2553 143 144 0
2554 143 147 0
2555 143 152 0
2556 143 149 0
2557 143 143 0
2558 143 143 0
2559 143 143 0
2560 143 143 0
2561 143 143 0
2562 143 143 0
2563 143 143 0
2564 143 145 0
2565 143 147 0
2566 143 143 0
2567 143 143 0
2568 143 147 0
2569 143 145 0
2570 143 143 0
2571 143 143 0
2572 143 147 0
2573 143 143 0
2574 143 162 0
2575 143 143 0
2576 143 143 0
2577 143 143 0
2578 143 152 0
2579 143 143 0
2580 143 143 0
2581 143 152 0
2582 143 143 0
2583 143 144 0
2584 143 143 0
2585 143 152 0
2586 143 143 0
2587 143 147 0
2588 143 143 0
2589 143 143 0
2590 143 144 0
2591 143 143 0
2592 143 143 0
2593 143 143 0
2594 144 153 0
2595 144 144 0
2596 144 148 0
2597 144 148 0
2598 144 148 0
2599 144 148 0
2600 144 150 0
2601 144 153 0
2602 144 148 0
2603 144 158 0
2604 144 151 0
2605 144 157 0
2606 144 148 0
2607 144 144 0
2608 144 153 0
2609 144 148 0
2610 144 158 0
2611 144 144 0
2612 144 144 0
2613 144 144 0
2614 144 144 0
2615 144 144 0
2616 144 144 0
2617 144 144 0
2618 144 145 0
2619 144 144 0
2620 144 144 0
2621 144 152 0
2622 144 153 0
2623 144 144 0
2624 144 144 0
2625 144 144 0
2626 144 144 0
2627 144 144 0
2628 144 153 0
2629 144 144 0
2630 145 159 0
2631 145 164 0
2632 145 159 0
2633 145 157 0
2634 145 149 0
2635 145 149 0
2636 145 147 0
2637 145 169 0
2638 145 150 0
2639 145 165 0
2640 145 149 0
2641 145 147 0
2642 145 145 2358
2643 145 155 2358
2644 145 149 0
2645 145 146 0
2646 145 154 0
2647 145 149 0
2648 145 149 0
2649 145 150 0
2650 145 147 0
2651 145 150 0
2652 145 145 0
2653 145 145 0
2654 145 149 0
2655 145 145 0
2656 145 145 0
2657 145 149 0
2658 145 146 0
2659 145 146 0
2660 145 149 0
2661 145 145 0
2662 145 149 0
2663 145 145 0
2664 145 145 0
2665 145 145 0
2666 145 145 0
2667 145 146 0
2668 145 149 0
2669 145 145 0
2670 145 145 0
2671 145 154 0
2672 145 145 0
2673 145 145 0
2674 145 145 0
2675 145 149 0
2676 145 145 0
2677 146 150 0
2678 146 155 0
2679 146 150 0
2680 146 160 0
2681 146 147 0
2682 146 147 0
2683 146 150 0
2684 146 155 0
2685 146 148 0
2686 146 150 0
2687 146 149 0
2688 146 148 0
2689 146 148 0
2690 146 148 0
2691 146 147 0
2692 146 146 0
2693 146 146 0
2694 146 146 0
2695 146 150 0
2696 146 148 0
2697 146 146 0
2698 146 146 0
2699 146 150 0
2700 146 146 0
2701 146 151 0
2702 146 160 0
2703 146 146 0
2704 146 150 0
2705 146 146 0
2706 146 147 0
2707 146 146 0
2708 146 146 0
2709 146 146 0
2710 146 146 0
2711 146 146 0
2712 146 146 0
2713 147 156 0
2714 147 151 0
2715 147 151 0
2716 147 147 0
2717 147 156 0
2718 147 157 0
2719 147 147 0
2720 147 151 0
2721 147 161 0
2722 147 151 0
2723 147 151 2364
2724 147 147 2364
2725 147 151 0
2726 147 147 0
2727 147 151 0
2728 147 151 0
2729 147 147 0
2730 147 147 0
2731 147 147 0
2732 147 147 0
2733 147 147 0
2734 147 147 0
2735 147 147 0
2736 147 147 0
2737 147 147 0
2738 147 147 0
2739 147 147 0
2740 147 147 0
2741 147 147 0
2742 147 147 0
2743 147 147 0
2744 147 147 0
2745 147 147 0
2746 147 147 0
2747 147 147 0
2748 147 149 0
2749 147 147 0
2750 148 171 0
2751 148 149 0
2752 148 152 0
2753 148 162 0
2754 148 150 0
2755 148 151 0
2756 148 157 0
2757 148 157 0
2758 148 156 0
2759 148 157 0
2760 148 160 0
2761 148 148 0
2762 148 150 0
2763 148 151 0
2764 148 148 0
2765 148 148 0
2766 148 148 0
2767 148 148 0
2768 148 148 0
2769 148 148 0
2770 148 148 0
2771 148 148 0
2772 148 148 0
2773 148 150 0
2774 148 148 0
2775 148 149 0
2776 148 148 0
2777 148 152 0
2778 148 152 0
2779 148 148 0
2780 148 148 0
2781 148 148 0
2782 148 148 0
2783 148 148 0
2784 148 148 0
2785 148 148 0
2786 148 152 0
2787 148 149 0
2788 148 150 0
2789 148 148 0
2790 148 149 0
2791 148 152 0
2792 149 151 0
2793 149 163 0
2794 149 153 0
2795 149 153 0
2796 149 151 0
2797 149 153 0
2798 149 153 0
2799 149 153 0
2800 149 149 0
2801 149 153 0
2802 149 163 0
2803 149 153 0
2804 149 149 0
2805 149 149 0
2806 149 149 0
2807 149 149 0
2808 149 149 0
2809 149 149 0
2810 149 156 0
2811 149 149 0
2812 149 152 0
2813 149 149 0
2814 149 153 0
2815 149 153 0
2816 149 149 0
2817 149 153 0
2818 149 149 0
2819 149 149 0
2820 149 150 0
2821 149 155 0
2822 149 152 0
2823 149 155 0
2824 149 149 0
2825 149 149 0
2826 149 150 0
2827 149 149 0
2828 149 149 0
2829 149 149 0
2830 149 150 0
2831 149 153 0
2832 149 149 0
2833 149 149 0
2834 149 149 0
2835 150 159 0
2836 150 154 0
2837 150 154 0
2838 150 155 0
2839 150 169 0
2840 150 154 0
2841 150 159 0
2842 150 155 0
2843 150 154 0
2844 150 154 0
2845 150 153 0
2846 150 152 0
2847 150 154 0
2848 150 153 0
2849 150 151 0
2850 150 154 0
2851 150 153 0
2852 150 150 0
2853 150 169 0
2854 150 150 0
2855 150 150 0
2856 150 153 0
2857 150 150 0
2858 150 150 0
2859 150 150 0
2860 150 150 0
2861 150 150 0
2862 150 150 0
2863 150 150 0
2864 150 154 0
2865 150 150 0
2866 150 150 0
2867 150 150 0
2868 150 151 0
2869 150 150 0
2870 150 151 0
2871 150 150 0
2872 150 173 0
2873 150 150 0
2874 150 152 0
2875 150 150 0
2876 150 150 0
2877 150 150 0
2878 150 150 0
2879 150 151 0
2880 150 150 0
2881 150 155 0
2882 150 150 0
2883 150 150 0
2884 150 154 0
2885 150 150 0
2886 150 151 0
2887 150 150 0
2888 150 154 0
2889 150 150 0
2890 150 156 0
2891 150 153 0
2892 150 150 0
2893 151 155 0
2894 151 152 0
2895 151 155 0
2896 151 165 0
2897 151 151 0
2898 151 152 0
2899 151 155 0
2900 151 155 0
2901 151 165 0
2902 151 155 0
2903 151 158 0
2904 151 156 0
2905 151 151 0
2906 151 158 0
2907 151 155 0
2908 151 155 0
2909 151 165 0
2910 151 151 0
2911 151 160 0
2912 151 151 0
2913 151 151 0
2914 151 151 0
2915 151 157 0
2916 151 151 0
2917 151 151 0
2918 151 151 0
2919 151 151 0
2920 151 151 0
2921 151 151 0
2922 151 152 0
2923 151 151 0
2924 151 151 0
2925 151 152 0
2926 151 151 0
2927 151 151 0
2928 151 155 0
2929 151 151 0
2930 151 151 0
2931 151 156 0
2932 151 165 0
2933 151 155 0
2934 151 151 0
2935 151 151 0
2936 151 151 0
2937 151 157 0
2938 151 152 0
2939 152 152 0
2940 152 161 0
2941 152 158 0
2942 152 158 0
2943 152 156 0
2944 152 167 0
2945 152 161 0
2946 152 156 0
2947 152 157 0
2948 152 161 0
2949 152 156 0
2950 152 156 0
2951 152 152 0
2952 152 152 0
2953 152 152 0
2954 152 152 0
2955 152 154 0
2956 152 152 0
2957 152 152 0
2958 152 152 0
2959 152 152 0
2960 152 156 0
2961 152 152 0
2962 152 152 0
2963 152 154 0
2964 152 154 0
2965 152 152 0
2966 152 152 0
2967 152 153 0
2968 152 152 0
2969 152 152 0
2970 152 152 0
2971 152 153 0
2972 152 152 0
2973 152 153 0
2974 152 152 0
2975 152 154 0
2976 152 153 0
2977 152 152 0
2978 152 153 0
2979 152 152 0
2980 152 152 0
2981 152 152 0
2982 153 167 0
2983 153 165 0
2984 153 161 0
2985 153 157 0
2986 153 157 0
2987 153 157 0
2988 153 153 0
2989 153 162 0
2990 153 161 0
2991 153 157 0
2992 153 162 0
2993 153 155 0
2994 153 153 0
2995 153 156 0
2996 153 157 0
2997 153 157 0
2998 153 157 0
2999 153 165 0
3000 153 153 0
3001 153 153 0
3002 153 153 0
3003 153 153 0
3004 153 153 0
3005 153 162 0
3006 153 153 0
3007 153 153 0
3008 153 153 0
3009 153 153 0
3010 153 153 0
3011 153 159 0
3012 153 155 0
3013 153 153 0
3014 153 155 0
3015 153 153 0
3016 153 153 0
3017 153 153 0
3018 153 153 0
3019 153 155 0
3020 153 153 0
3021 153 153 0
3022 153 155 0
3023 153 157 0
3024 153 153 0
3025 153 157 0
3026 153 153 0
3027 153 153 0
3028 153 153 0
3029 153 154 0
3030 153 158 0
3031 153 153 0
3032 153 153 0
3033 153 153 0
3034 153 155 0
3035 153 153 0
3036 153 153 0
3037 153 153 0
3038 154 163 0
3039 154 170 0
3040 154 158 0
3041 154 163 0
3042 154 158 0
3043 154 163 0
3044 154 158 0
3045 154 156 0
3046 154 156 0
3047 154 158 0
3048 154 163 0
3049 154 156 0
3050 154 159 0
3051 154 160 0
3052 154 163 0
3053 154 158 0
3054 154 154 0
3055 154 154 0
3056 154 158 0
3057 154 154 0
3058 154 158 0
3059 154 158 0
3060 154 154 0
3061 154 154 0
3062 154 154 0
3063 154 160 0
3064 154 155 0
3065 154 158 0
3066 154 170 0
3067 154 155 0
3068 154 158 0
3069 154 154 0
3070 154 160 0
3071 154 154 0
3072 154 158 0
3073 154 154 0
3074 154 154 0
3075 154 159 0
3076 154 159 0
3077 154 163 0
3078 154 154 0
3079 154 158 0
3080 154 165 0
3081 154 158 0
3082 154 163 0
3083 154 154 0
3084 154 156 0
3085 154 155 0
3086 154 154 0
3087 154 158 0
3088 154 158 0
3089 154 159 0
3090 154 154 0
3091 154 164 0
3092 154 154 0
3093 154 154 0
3094 154 155 0
3095 154 154 0
3096 155 163 0
3097 155 161 0
3098 155 157 0
3099 155 164 0
3100 155 162 0
3101 155 155 0
3102 155 165 0
3103 155 159 0
3104 155 156 0
3105 155 158 0
3106 155 155 2955
3107 155 155 2955
3108 155 155 0
3109 155 155 0
3110 155 164 0
3111 155 158 0
3112 155 155 0
3113 155 155 0
3114 155 155 0
3115 155 167 0
3116 155 156 0
3117 155 155 0
3118 155 155 0
3119 155 164 0
3120 155 155 0
3121 155 155 0
3122 155 164 0
3123 155 155 0
3124 155 156 0
3125 155 155 0
3126 155 159 0
3127 155 155 0
3128 155 156 0
3129 155 159 0
3130 155 155 0
3131 155 159 0
3132 155 155 0
3133 155 159 0
3134 155 155 0
3135 155 155 0
3136 155 155 0
3137 155 155 0
3138 155 155 0
3139 155 155 0
3140 155 155 0
3141 155 159 0
3142 156 156 0
3143 156 157 0
3144 156 176 0
3145 156 156 0
3146 156 162 0
3147 156 160 0
3148 156 180 0
3149 156 156 0
3150 156 160 0
3151 156 165 0
3152 156 160 0
3153 156 160 0
3154 156 160 0
3155 156 160 0
3156 156 165 0
3157 156 194 0
3158 156 156 0
3159 156 160 0
3160 156 156 0
3161 156 156 0
3162 156 156 0
3163 156 156 0
3164 156 163 0
3165 156 156 0
3166 156 156 0
3167 156 158 0
3168 156 161 0
3169 156 156 0
3170 156 158 0
3171 156 158 0
3172 156 158 0
3173 156 157 0
3174 156 156 0
3175 156 156 0
3176 156 194 0
3177 156 156 0
3178 156 160 0
3179 156 156 0
3180 156 159 0
3181 156 166 0
3182 156 158 0
3183 156 156 0
3184 156 159 0
3185 156 162 0
3186 156 156 0
3187 156 156 0
3188 156 160 0
3189 156 160 0
3190 156 156 0
3191 156 156 0
3192 156 156 0
3193 156 156 0
3194 156 156 0
3195 156 156 0
3196 156 156 0
3197 156 171 0
3198 156 156 0
3199 156 156 0
3200 156 159 0
3201 156 158 0
3202 157 165 0
3203 157 161 0
3204 157 161 0
3205 157 157 0
3206 157 158 0
3207 157 161 0
3208 157 166 0
3209 157 160 0
3210 157 167 0
3211 157 166 0
3212 157 157 0
3213 157 161 0
3214 157 157 0
3215 157 157 0
3216 157 157 0
3217 157 157 0
3218 157 157 0
3219 157 157 0
3220 157 157 0
3221 157 157 0
3222 157 157 0
3223 157 161 0
3224 157 157 0
3225 157 157 0
3226 157 169 0
3227 157 157 0
3228 157 157 0
3229 157 157 0
3230 157 161 0
3231 157 159 0
3232 157 157 0
3233 157 161 0
3234 157 157 0
3235 157 159 0
3236 157 157 0
3237 157 157 0
3238 157 157 0
3239 157 162 0
3240 157 161 0
3241 157 157 0
3242 157 158 0
3243 157 165 0
3244 157 161 0
3245 157 174 0
3246 157 157 0
3247 157 157 0
3248 158 162 0
3249 158 162 0
3250 158 158 0
3251 158 167 0
3252 158 172 0
3253 158 166 0
3254 158 160 0
3255 158 164 0
3256 158 162 0
3257 158 172 0
3258 158 159 0
3259 158 172 0
3260 158 167 0
3261 158 159 0
3262 158 158 0
3263 158 163 0
3264 158 158 0
3265 158 158 0
3266 158 158 0
3267 158 158 0
3268 158 158 0
3269 158 158 0
3270 158 161 0
3271 158 158 0
3272 158 158 0
3273 158 163 0
3274 158 158 0
3275 158 158 0
3276 158 158 0
3277 158 158 0
3278 158 162 0
3279 158 159 0
3280 158 158 0
3281 158 158 0
3282 158 158 0
3283 158 158 0
3284 158 158 0
3285 158 158 0
3286 158 170 0
3287 158 172 0
3288 158 158 0
3289 158 163 0
3290 158 158 0
3291 158 163 0
3292 158 158 0
3293 158 158 0
3294 158 158 0
3295 158 158 0
3296 158 158 0
3297 158 163 0
3298 158 158 0
3299 158 158 0
3300 158 167 0
3301 158 158 0
3302 158 162 0
3303 159 160 0
3304 159 163 0
3305 159 162 0
3306 159 163 0
3307 159 173 0
3308 159 159 0
3309 159 164 0
3310 159 163 0
3311 159 163 0
3312 159 163 0
3313 159 163 0
3314 159 163 0
3315 159 160 0
3316 159 163 0
3317 159 163 0
3318 159 161 0
3319 159 163 0
3320 159 163 0
3321 159 161 3170
3322 159 163 3170
3323 159 159 3182
3324 159 163 3182
3325 159 163 0
3326 159 159 0
3327 159 163 0
3328 159 163 0
3329 159 159 0
3330 159 161 0
3331 159 173 0
3332 159 159 0
3333 159 160 0
3334 159 159 0
3335 159 159 0
3336 159 159 0
3337 159 165 0
3338 159 159 0
3339 159 159 0
3340 159 159 0
3341 159 162 0
3342 159 159 0
3343 159 162 0
3344 159 164 0
3345 159 159 0
3346 159 159 0
3347 159 159 0
3348 159 159 0
3349 159 163 0
3350 159 159 0
3351 159 159 0
3352 159 163 0
3353 159 159 0
3354 160 164 0
3355 160 163 0
3356 160 164 0
3357 160 164 0
3358 160 164 0
3359 160 165 0
3360 160 162 0
3361 160 163 0
3362 160 160 0
3363 160 160 0
3364 160 160 0
3365 160 161 0
3366 160 165 0
3367 160 161 0
3368 160 162 0
3369 160 160 0
3370 160 160 0
3371 160 162 0
3372 160 166 0
3373 160 160 0
3374 160 160 0
3375 160 160 0
3376 160 166 0
3377 160 160 0
3378 160 164 0
3379 160 163 0
3380 160 160 0
3381 160 160 0
3382 160 160 0
3383 160 160 0
3384 160 160 0
3385 160 160 0
3386 160 162 0
3387 160 165 0
3388 160 163 0
3389 160 160 0
3390 160 160 0
3391 160 160 0
3392 160 160 0
3393 160 165 0
3394 160 160 0
3395 160 160 0
3396 160 160 0
3397 161 166 0
3398 161 170 0
3399 161 163 0
3400 161 162 0
3401 161 165 0
3402 161 164 0
3403 161 168 0
3404 161 165 0
3405 161 165 0
3406 161 162 0
3407 161 164 0
3408 161 164 0
3409 161 165 0
3410 161 161 0
3411 161 161 0
3412 161 161 0
3413 161 161 0
3414 161 161 0
3415 161 162 0
3416 161 161 0
3417 161 161 0
3418 161 161 0
3419 161 161 0
3420 161 161 0
3421 161 161 0
3422 161 161 0
3423 161 161 0
3424 161 161 0
3425 161 161 0
3426 161 161 0
3427 161 163 0
3428 161 161 0
3429 161 162 0
3430 161 163 0
3431 161 161 0
3432 161 162 0
3433 161 161 0
3434 161 161 0
3435 161 161 0
3436 161 161 0
3437 161 161 0
3438 161 161 0
3439 161 165 0
3440 161 161 0
3441 161 161 0
3442 161 161 0
3443 161 161 0
3444 161 163 0
3445 161 165 0
3446 161 165 0
3447 161 161 0
3448 161 170 0
3449 161 161 0
3450 162 166 0
3451 162 164 0
3452 162 167 0
3453 162 165 0
3454 162 166 0
3455 162 164 0
3456 162 164 0
3457 162 166 0
3458 162 166 0
3459 162 162 0
3460 162 166 0
3461 162 165 0
3462 162 164 0
3463 162 166 0
3464 162 162 0
3465 162 162 0
3466 162 162 0
3467 162 162 0
3468 162 166 0
3469 162 162 0
3470 162 162 0
3471 162 163 0
3472 162 162 0
3473 162 162 0
3474 162 167 0
3475 162 162 0
3476 162 162 0
3477 162 162 0
3478 162 162 0
3479 162 162 0
3480 162 162 0
3481 162 162 0
3482 162 166 0
3483 162 162 0
3484 162 162 0
3485 162 162 0
3486 162 162 0
3487 162 162 0
3488 162 162 0
3489 162 162 0
3490 162 170 0
3491 162 162 0
3492 162 162 0
3493 162 162 0
3494 162 162 0
3495 162 164 0
3496 162 162 0
3497 162 162 0
3498 162 162 0
3499 162 162 0
3500 162 162 0
3501 162 166 0
3502 162 162 0
3503 162 167 0
3504 162 163 0
3505 162 162 0
3506 162 163 0
3507 162 162 0
3508 162 162 0
3509 162 162 0
3510 163 163 0
3511 163 164 0
3512 163 167 0
3513 163 167 0
3514 163 164 0
3515 163 168 0
3516 163 170 0
3517 163 167 0
3518 163 163 0
3519 163 164 0
3520 163 163 0
3521 163 167 0
3522 163 163 0
3523 163 163 0
3524 163 167 0
3525 163 167 0
3526 163 167 0
3527 163 167 0
3528 163 163 0
3529 163 163 0
3530 163 163 0
3531 163 163 0
3532 163 163 0
3533 163 163 0
3534 163 167 0
3535 163 163 0
3536 163 165 0
3537 163 163 0
3538 163 163 0
3539 163 166 0
3540 163 192 0
3541 163 167 0
3542 163 166 0
3543 163 163 0
3544 163 163 0
3545 163 163 0
3546 163 168 0
3547 163 166 0
3548 163 172 0
3549 163 163 0
3550 163 163 0
3551 163 163 0
3552 163 163 0
3553 163 166 0
3554 163 163 0
3555 163 163 0
3556 163 163 0
3557 163 164 0
3558 163 168 0
3559 163 163 0
3560 163 163 0
3561 163 163 0
3562 163 163 0
3563 163 165 0
3564 163 163 0
3565 163 164 0
3566 163 167 0
3567 163 163 0
3568 163 163 0
3569 163 163 0
3570 163 164 0
3571 163 164 0
3572 163 163 0
3573 163 163 0
3574 163 176 0
3575 163 163 0
3576 163 163 0
3577 163 163 0
3578 163 163 0
3579 163 163 0
3580 163 163 0
3581 163 163 0
3582 163 167 0
3583 163 163 0
3584 163 167 0
3585 163 164 0
3586 163 163 0
3587 163 163 0
3588 163 167 0
3589 163 163 0
3590 163 167 0
3591 164 168 0
3592 164 165 0
3593 164 168 0
3594 164 168 0
3595 164 170 0
3596 164 168 0
3597 164 183 0
3598 164 169 0
3599 164 166 0
3600 164 165 0
3601 164 165 0
3602 164 164 0
3603 164 168 0
3604 164 166 0
3605 164 168 0
3606 164 167 0
3607 164 168 0
3608 164 168 0
3609 164 178 0
3610 164 168 0
3611 164 168 0
3612 164 168 0
3613 164 165 0
3614 164 168 3322
3615 164 164 3322
3616 164 165 0
3617 164 167 0
3618 164 164 0
3619 164 164 0
3620 164 164 0
3621 164 164 0
3622 164 164 0
3623 164 164 0
3624 164 164 0
3625 164 168 0
3626 164 164 0
3627 164 168 0
3628 164 165 0
3629 164 168 0
3630 164 164 0
3631 164 164 0
3632 164 164 0
3633 164 194 0
3634 164 164 0
3635 164 164 0
3636 164 164 0
3637 164 164 0
3638 164 164 0
3639 164 164 0
3640 164 164 0
3641 164 164 0
3642 164 164 0
3643 164 164 0
3644 164 165 0
3645 164 164 0
3646 164 164 0
3647 164 168 0
3648 164 173 0
3649 164 165 0
3650 164 166 0
3651 164 164 0
3652 164 166 0
3653 164 164 0
3654 164 166 0
3655 164 164 0
3656 164 173 0
3657 164 166 0
3658 164 164 0
3659 164 164 0
3660 164 164 0
3661 164 166 0
3662 164 164 0
3663 164 164 0
3664 164 166 0
3665 164 168 0
3666 164 164 0
3667 164 164 0
3668 164 173 0
3669 164 164 0
3670 164 164 0
3671 164 164 0
3672 164 166 0
3673 164 166 0
3674 164 168 0
3675 164 164 0
3676 164 164 0
3677 165 174 0
3678 165 165 0
3679 165 177 0
3680 165 165 0
3681 165 169 0
3682 165 179 0
3683 165 169 0
3684 165 165 0
3685 165 174 0
3686 165 169 0
3687 165 167 0
3688 165 169 0
3689 165 165 3670
3690 165 167 3670
3691 165 165 0
3692 165 165 0
3693 165 174 0
3694 165 165 0
3695 165 171 0
3696 165 165 0
3697 165 165 0
3698 165 174 0
3699 165 165 0
3700 165 169 0
3701 165 165 0
3702 165 166 0
3703 165 165 0
3704 165 166 0
3705 165 165 0
3706 165 165 0
3707 165 167 0
3708 165 165 0
3709 165 165 0
3710 165 165 0
3711 165 165 0
3712 165 165 0
3713 165 167 0
3714 165 165 0
3715 165 166 0
3716 165 165 0
3717 165 165 0
3718 165 165 0
3719 165 165 0
3720 165 165 0
3721 165 168 0
3722 165 168 0
3723 165 165 0
3724 165 182 0
3725 165 165 0
3726 165 168 0
3727 165 165 0
3728 165 173 0
3729 165 165 0
3730 165 165 0
3731 165 170 0
3732 165 165 0
3733 165 165 0
3734 165 169 0
3735 165 168 0
3736 165 169 0
3737 165 171 0
3738 165 165 0
3739 165 166 0
3740 165 165 0
3741 165 165 0
3742 165 165 0
3743 165 165 0
3744 165 165 0
3745 165 165 0
3746 165 187 0
3747 165 165 0
3748 165 165 0
3749 165 165 0
3750 165 165 0
3751 165 165 0
3752 165 165 0
3753 165 166 0
3754 165 165 0
3755 165 165 0
3756 165 165 0
3757 165 168 0
3758 165 166 0
3759 165 165 0
3760 165 165 0
3761 165 165 0
3762 165 165 0
3763 165 167 0
3764 165 166 0
3765 165 165 0
3766 165 165 0
3767 165 165 0
3768 165 166 0
3769 165 165 0
3770 165 165 0
3771 165 165 0
3772 166 166 0
3773 166 168 0
3774 166 170 0
3775 166 170 0
3776 166 172 0
3777 166 167 0
3778 166 170 0
3779 166 175 0
3780 166 167 0
3781 166 170 0
3782 166 167 0
3783 166 175 0
3784 166 175 0
3785 166 177 0
3786 166 170 0
3787 166 174 0
3788 166 166 3156
3789 166 170 3156
3790 166 166 0
3791 166 170 0
3792 166 169 0
3793 166 166 0
3794 166 166 0
3795 166 167 0
3796 166 166 0
3797 166 170 0
3798 166 170 0
3799 166 166 0
3800 166 166 0
3801 166 166 0
3802 166 171 0
3803 166 166 0
3804 166 169 0
3805 166 167 0
3806 166 166 0
3807 166 167 0
3808 166 166 0
3809 166 166 0
3810 166 169 0
3811 166 166 0
3812 166 166 0
3813 166 170 0
3814 166 166 0
3815 166 169 0
3816 166 166 0
3817 166 166 0
3818 166 166 0
3819 166 166 0
3820 166 167 0
3821 166 166 0
3822 166 166 0
3823 166 166 0
3824 166 166 0
3825 166 166 0
3826 166 166 0
3827 166 182 0
3828 166 168 0
3829 166 166 0
3830 166 166 0
3831 166 166 0
3832 166 170 0
3833 166 166 0
3834 166 168 0
3835 166 171 0
3836 166 170 0
3837 166 170 0
3838 166 166 0
3839 166 166 0
3840 166 166 0
3841 166 166 0
3842 166 172 0
3843 166 166 0
3844 166 167 0
3845 166 170 0
3846 166 166 0
3847 166 166 0
3848 166 166 0
3849 166 166 0
3850 166 167 0
3851 166 166 0
3852 166 175 0
3853 166 168 0
3854 166 175 0
3855 166 170 0
3856 166 166 0
3857 166 168 0
3858 166 175 0
3859 166 166 0
3860 166 166 0
3861 166 176 0
3862 166 175 0
3863 166 167 0
3864 166 178 0
3865 166 166 0
3866 166 166 0
3867 166 170 0
3868 167 167 0
3869 167 167 0
3870 167 167 0
3871 167 169 0
3872 167 171 0
3873 167 170 0
3874 167 171 0
3875 167 167 0
3876 167 175 0
3877 167 171 0
3878 167 167 0
3879 167 176 0
3880 167 178 0
3881 167 168 3704
3882 167 167 3704
3883 167 171 0
3884 167 169 0
3885 167 176 3547
3886 167 169 3547
3887 167 167 0
3888 167 171 0
3889 167 167 0
3890 167 167 0
3891 167 170 0
3892 167 167 0
3893 167 167 0
3894 167 167 0
3895 167 172 0
3896 167 171 0
3897 167 167 0
3898 167 167 0
3899 167 167 0
3900 167 167 0
3901 167 167 0
3902 167 167 0
3903 167 167 0
3904 167 167 0
3905 167 170 0
3906 167 171 0
3907 167 167 0
3908 167 167 0
3909 167 168 0
3910 167 167 0
3911 167 167 0
3912 167 167 0
3913 167 170 0
3914 167 167 0
3915 167 172 0
3916 167 167 0
3917 167 167 0
3918 167 171 0
3919 167 167 0
3920 167 171 0
3921 167 167 0
3922 167 167 0
3923 167 167 0
3924 167 167 0
3925 167 167 0
3926 167 167 0
3927 167 171 0
3928 167 173 0
3929 167 168 0
3930 167 167 0
3931 167 167 0
3932 167 170 0
3933 167 167 0
3934 167 167 0
3935 167 167 0
3936 167 167 0
3937 167 172 0
3938 167 167 0
3939 167 175 0
3940 167 167 0
3941 167 168 0
3942 167 167 0
3943 167 171 0
3944 167 167 0
3945 167 168 0
3946 167 167 0
3947 167 168 0
3948 167 168 0
3949 167 167 0
3950 167 167 0
3951 167 167 0
3952 167 167 0
3953 167 168 0
3954 167 171 0
3955 167 171 0
3956 167 168 0
3957 167 167 0
3958 167 176 0
3959 167 167 0
3960 167 167 0
3961 167 167 0
3962 167 167 0
3963 168 171 0
3964 168 175 0
3965 168 186 0
3966 168 174 0
3967 168 171 0
3968 168 172 0
3969 168 171 0
3970 168 168 0
3971 168 169 0
3972 168 172 0
3973 168 172 0
3974 168 172 0
3975 168 169 0
3976 168 169 0
3977 168 172 0
3978 168 173 0
3979 168 168 0
3980 168 168 0
3981 168 168 0
3982 168 182 0
3983 168 172 0
3984 168 168 0
3985 168 168 0
3986 168 173 0
3987 168 172 0
3988 168 169 0
3989 168 168 0
3990 168 169 0
3991 168 168 0
3992 168 168 0
3993 168 173 0
3994 168 169 0
3995 168 173 0
3996 168 168 0
3997 168 169 0
3998 168 168 0
3999 168 168 0
4000 168 168 0
4001 168 170 0
4002 168 168 0
4003 168 172 0
4004 168 168 0
4005 168 168 0
4006 168 176 0
4007 168 168 0
4008 168 168 0
4009 168 168 0
4010 168 169 0
4011 168 168 0
4012 168 168 0
4013 168 168 0
4014 168 169 0
4015 168 168 0
4016 168 170 0
4017 168 169 0
4018 168 173 0
4019 168 168 0
4020 168 168 0
4021 168 172 0
4022 168 168 0
4023 168 169 0
4024 168 172 0
4025 168 168 0
4026 168 168 0
4027 168 172 0
4028 168 168 0
4029 168 168 0
4030 168 168 0
4031 168 168 0
4032 168 168 0
4033 168 168 0
4034 168 168 0
4035 168 168 0
4036 168 168 0
4037 168 168 0
4038 168 168 0
4039 168 168 0
4040 168 172 0
4041 168 169 0
4042 168 168 0
4043 168 177 0
4044 168 169 0
4045 168 173 0
4046 168 171 0
4047 168 170 0
4048 168 182 0
4049 168 168 0
4050 168 168 0
4051 168 168 0
4052 168 168 0
4053 168 169 0
4054 168 168 0
4055 168 169 0
4056 168 171 0
4057 168 175 0
4058 168 168 0
4059 168 168 0
4060 168 168 0
4061 168 172 0
4062 168 168 0
4063 168 173 0
4064 168 171 0
4065 168 172 0
4066 168 168 0
4067 168 168 0
4068 168 169 0
4069 168 168 0
4070 169 176 0
4071 169 170 0
4072 169 172 0
4073 169 178 0
4074 169 173 0
4075 169 176 0
4076 169 173 0
4077 169 171 0
4078 169 174 0
4079 169 170 0
4080 169 172 0
4081 169 169 0
4082 169 178 0
4083 169 173 0
4084 169 170 0
4085 169 173 3909
4086 169 169 3909
4087 169 169 0
4088 169 178 0
4089 169 173 0
4090 169 169 0
4091 169 169 0
4092 169 169 0
4093 169 169 0
4094 169 169 0
4095 169 169 0
4096 169 188 0
4097 169 169 0
4098 169 173 0
4099 169 170 0
4100 169 169 0
4101 169 169 0
4102 169 173 0
4103 169 171 0
4104 169 169 0
4105 169 169 0
4106 169 169 0
4107 169 173 0
4108 169 172 0
4109 169 171 0
4110 169 169 0
4111 169 172 0
4112 169 169 0
4113 169 170 0
4114 169 169 0
4115 169 170 0
4116 169 173 0
4117 169 169 0
4118 169 169 0
4119 169 169 0
4120 169 169 0
4121 169 169 0
4122 169 173 0
4123 169 169 0
4124 169 173 0
4125 169 169 0
4126 169 171 0
4127 169 169 0
4128 169 171 0
4129 169 169 0
4130 169 169 0
4131 169 176 0
4132 169 169 0
4133 169 169 0
4134 169 169 0
4135 169 169 0
4136 169 180 0
4137 169 170 0
4138 169 169 0
4139 169 169 0
4140 169 169 0
4141 169 169 0
4142 169 179 0
4143 169 169 0
4144 169 175 0
4145 169 169 0
4146 169 169 0
4147 169 175 0
4148 169 169 0
4149 169 172 0
4150 169 173 0
4151 169 169 0
4152 169 169 0
4153 169 169 0
4154 169 169 0
4155 169 173 0
4156 169 169 0
4157 169 169 0
4158 169 169 0
4159 169 170 0
4160 169 173 0
4161 169 173 0
4162 169 172 0
4163 169 173 0
4164 169 169 0
4165 169 173 0
4166 169 169 0
4167 169 169 0
4168 169 169 0
4169 169 169 0
4170 169 169 0
4171 169 170 0
4172 169 183 0
4173 169 169 0
4174 169 170 0
4175 169 169 0
4176 169 170 0
4177 170 173 0
4178 170 172 0
4179 170 180 0
4180 170 177 0
4181 170 174 0
4182 170 176 0
4183 170 174 3688
4184 170 170 3688
4185 170 174 0
4186 170 170 0
4187 170 172 0
4188 170 178 0
4189 170 170 0
4190 170 174 0
4191 170 171 0
4192 170 170 0
4193 170 170 0
4194 170 170 0
4195 170 170 0
4196 170 170 0
4197 170 170 0
4198 170 170 0
4199 170 179 0
4200 170 174 0
4201 170 170 0
4202 170 173 0
4203 170 170 0
4204 170 172 0
4205 170 171 0
4206 170 170 0
4207 170 170 0
4208 170 170 0
4209 170 170 0
4210 170 174 0
4211 170 170 0
4212 170 171 0
4213 170 178 0
4214 170 171 0
4215 170 187 0
4216 170 186 0
4217 170 176 0
4218 170 170 0
4219 170 179 0
4220 170 170 0
4221 170 172 0
4222 170 174 0
4223 170 170 0
4224 170 170 0
4225 170 170 0
4226 170 170 0
4227 170 170 0
4228 170 170 0
4229 170 174 0
4230 170 194 0
4231 170 173 0
4232 170 170 0
4233 170 171 0
4234 170 171 0
4235 170 173 0
4236 170 170 0
4237 170 172 0
4238 170 170 0
4239 170 170 0
4240 170 174 0
4241 170 173 0
4242 170 170 0
4243 170 171 0
4244 170 170 0
4245 170 175 0
4246 170 171 0
4247 170 170 0
4248 170 170 0
4249 170 171 0
4250 170 170 0
4251 170 170 0
4252 170 171 0
4253 170 170 0
4254 170 170 0
4255 170 189 0
4256 170 179 0
4257 170 170 0
4258 170 171 0
4259 170 170 0
4260 170 170 0
4261 170 170 0
4262 170 170 0
4263 170 170 0
4264 171 175 0
4265 171 175 0
4266 171 173 0
4267 171 175 0
4268 171 175 0
4269 171 175 0
4270 171 190 0
4271 171 171 0
4272 171 171 0
4273 171 175 0
4274 171 185 0
4275 171 175 0
4276 171 179 0
4277 171 172 0
4278 171 175 0
4279 171 175 0
4280 171 175 0
4281 171 175 0
4282 171 175 0
4283 171 171 0
4284 171 175 0
4285 171 171 0
4286 171 171 0
4287 171 171 0
4288 171 171 0
4289 171 175 0
4290 171 171 0
4291 171 180 0
4292 171 171 0
4293 171 175 0
4294 171 180 0
4295 171 175 0
4296 171 171 0
4297 171 171 0
4298 171 172 0
4299 171 178 0
4300 171 178 0
4301 171 171 0
4302 171 171 0
4303 171 171 0
4304 171 175 0
4305 171 175 0
4306 171 175 0
4307 171 171 0
4308 171 175 0
4309 171 178 0
4310 171 171 0
4311 171 175 0
4312 171 171 0
4313 171 171 0
4314 171 175 0
4315 171 175 0
4316 171 171 0
4317 171 171 0
4318 171 171 0
4319 171 171 0
4320 171 171 0
4321 171 174 0
4322 171 173 0
4323 171 171 0
4324 171 173 0
4325 171 173 0
4326 171 171 0
4327 171 171 0
4328 171 172 0
4329 171 171 0
4330 171 171 0
4331 171 171 0
4332 171 176 0
4333 171 171 0
4334 171 173 0
4335 171 176 0
4336 171 171 0
4337 171 172 0
4338 171 171 0
4339 171 171 0
4340 171 172 0
4341 171 173 0
4342 171 177 0
4343 171 171 0
4344 171 171 0
4345 171 171 0
4346 171 171 0
4347 171 171 0
4348 171 177 0
4349 171 173 0
4350 171 174 0
4351 171 171 0
4352 171 176 0
4353 171 171 0
4354 171 175 0
4355 171 175 0
4356 171 171 0
4357 171 171 0
4358 171 172 0
4359 171 171 0
4360 171 174 0
4361 171 175 0
4362 171 171 0
4363 172 186 0
4364 172 179 0
4365 172 173 0
4366 172 176 0
4367 172 176 0
4368 172 181 0
4369 172 181 0
4370 172 181 0
4371 172 178 0
4372 172 177 0
4373 172 173 0
4374 172 176 0
4375 172 183 0
4376 172 173 0
4377 172 173 4128
4378 172 172 4128
4379 172 172 0
4380 172 172 0
4381 172 172 0
4382 172 176 0
4383 172 176 0
4384 172 172 0
4385 172 172 0
4386 172 172 0
4387 172 194 0
4388 172 172 0
4389 172 173 0
4390 172 176 0
4391 172 193 0
4392 172 172 0
4393 172 194 0
4394 172 182 0
4395 172 180 0
4396 172 174 0
4397 172 176 0
4398 172 176 0
4399 172 173 0
4400 172 172 0
4401 172 172 0
4402 172 172 0
4403 172 179 0
4404 172 172 0
4405 172 174 0
4406 172 172 0
4407 172 172 0
4408 172 172 0
4409 172 176 0
4410 172 177 0
4411 172 176 0
4412 172 176 0
4413 172 172 0
4414 172 176 0
4415 172 172 0
4416 172 172 0
4417 172 172 0
4418 172 174 0
4419 172 172 0
4420 172 173 0
4421 172 172 0
4422 172 175 0
4423 172 172 0
4424 172 173 0
4425 172 173 0
4426 172 173 0
4427 172 172 0
4428 172 173 0
4429 172 176 0
4430 172 172 0
4431 172 176 0
4432 172 172 0
4433 172 173 0
4434 172 172 0
4435 172 175 0
4436 172 172 0
4437 172 172 0
4438 172 173 0
4439 172 173 0
4440 172 177 0
4441 172 176 0
4442 172 176 0
4443 172 181 0
4444 172 175 0
4445 172 181 0
4446 172 174 0
4447 172 172 0
4448 172 173 0
4449 172 172 0
4450 173 192 0
4451 173 173 0
4452 173 173 0
4453 173 174 0
4454 173 177 0
4455 173 177 0
4456 173 173 0
4457 173 177 0
4458 173 187 0
4459 173 177 0
4460 173 173 0
4461 173 177 0
4462 173 178 0
4463 173 173 0
4464 173 177 0
4465 173 173 4162
4466 173 194 4162
4467 173 178 0
4468 173 173 0
4469 173 176 0
4470 173 173 0
4471 173 173 0
4472 173 173 0
4473 173 177 0
4474 173 173 0
4475 173 181 0
4476 173 177 0
4477 173 173 0
4478 173 173 0
4479 173 179 0
4480 173 173 0
4481 173 175 0
4482 173 173 0
4483 173 173 0
4484 173 177 0
4485 173 174 0
4486 173 193 0
4487 173 177 0
4488 173 183 0
4489 173 175 0
4490 173 174 0
4491 173 173 0
4492 173 174 0
4493 173 173 0
4494 173 173 0
4495 173 173 0
4496 173 173 0
4497 173 173 0
4498 173 173 0
4499 173 177 0
4500 173 190 0
4501 173 187 0
4502 173 173 0
4503 173 178 0
4504 173 173 0
4505 173 173 0
4506 173 173 0
4507 173 174 0
4508 173 173 0
4509 173 175 0
4510 173 178 0
4511 173 173 0
4512 173 173 0
4513 173 173 0
4514 173 173 0
4515 173 173 0
4516 173 179 0
4517 173 177 0
4518 173 177 0
4519 173 173 0
4520 173 175 0
4521 174 183 0
4522 174 182 0
4523 174 183 0
4524 174 194 0
4525 174 188 0
4526 174 178 0
4527 174 177 0
4528 174 174 0
4529 174 178 0
4530 174 178 0
4531 174 174 0
4532 174 183 0
4533 174 184 0
4534 174 178 0
4535 174 185 0
4536 174 183 0
4537 174 178 0
4538 174 174 0
4539 174 176 0
4540 174 174 4102
4541 174 183 4102
4542 174 176 0
4543 174 174 0
4544 174 174 0
4545 174 174 0
4546 174 174 0
4547 174 178 0
4548 174 174 0
4549 174 177 0
4550 174 174 0
4551 174 179 0
4552 174 174 0
4553 174 174 0
4554 174 176 0
4555 174 174 0
4556 174 174 0
4557 174 174 0
4558 174 178 0
4559 174 174 0
4560 174 174 0
4561 174 174 0
4562 174 174 0
4563 174 174 0
4564 174 174 0
4565 174 174 0
4566 174 178 0
4567 174 174 0
4568 174 174 0
4569 174 175 0
4570 174 180 0
4571 174 174 0
4572 174 174 0
4573 174 174 0
4574 174 174 0
4575 174 174 0
4576 174 183 0
4577 174 175 0
4578 174 176 0
4579 174 178 0
4580 174 176 0
4581 174 176 0
4582 174 177 0
4583 174 177 0
4584 174 174 0
4585 174 174 0
4586 174 174 0
4587 174 174 0
4588 174 175 0
4589 174 194 0
4590 174 180 0
4591 174 174 0
4592 174 178 0
4593 174 175 0
4594 174 176 0
4595 174 175 0
4596 174 178 0
4597 174 181 0
4598 174 175 0
4599 174 174 0
4600 174 176 0
4601 174 175 0
4602 174 182 0
4603 174 174 0
4604 174 177 0
4605 174 174 0
4606 174 174 0
4607 174 174 0
4608 174 174 0
4609 174 174 0
4610 174 190 0
4611 175 179 0
4612 175 179 0
4613 175 189 0
4614 175 179 0
4615 175 175 0
4616 175 177 0
4617 175 176 0
4618 175 175 0
4619 175 179 0
4620 175 179 0
4621 175 179 0
4622 175 186 0
4623 175 189 0
4624 175 194 0
4625 175 181 4360
4626 175 176 4360
4627 175 175 0
4628 175 175 0
4629 175 175 0
4630 175 175 0
4631 175 175 0
4632 175 179 0
4633 175 175 0
4634 175 185 0
4635 175 180 0
4636 175 178 0
4637 175 175 0
4638 175 175 0
4639 175 179 0
4640 175 175 0
4641 175 175 0
4642 175 177 0
4643 175 175 0
4644 175 175 0
4645 175 176 0
4646 175 175 0
4647 175 175 0
4648 175 175 0
4649 175 184 0
4650 175 175 0
4651 175 179 0
4652 175 175 0
4653 175 179 0
4654 175 175 0
4655 175 175 0
4656 175 184 0
4657 175 175 0
4658 175 178 0
4659 175 183 0
4660 175 179 0
4661 175 191 0
4662 175 175 0
4663 175 175 0
4664 175 194 0
4665 175 184 0
4666 175 175 0
4667 175 179 0
4668 175 180 0
4669 175 175 0
4670 175 194 0
4671 175 184 0
4672 175 175 0
4673 175 184 0
4674 175 176 0
4675 175 175 0
4676 175 175 0
4677 175 175 0
4678 175 178 0
4679 175 176 0
4680 175 175 0
4681 175 175 0
4682 175 175 0
4683 175 179 0
4684 175 175 0
4685 175 176 0
4686 175 175 0
4687 175 178 0
4688 175 176 0
4689 175 177 0
4690 175 177 0
4691 175 177 0
4692 175 175 0
4693 175 177 0
4694 175 192 0
4695 175 179 0
4696 175 179 0
4697 175 176 0
4698 175 179 0
4699 176 190 0
4700 176 178 0
4701 176 182 0
4702 176 194 0
4703 176 194 0
4704 176 180 0
4705 176 180 0
4706 176 184 0
4707 176 176 0
4708 176 178 0
4709 176 185 0
4710 176 178 0
4711 176 180 0
4712 176 194 0
4713 176 178 0
4714 176 181 0
4715 176 180 0
4716 176 180 0
4717 176 180 0
4718 176 192 0
4719 176 186 0
4720 176 178 0
4721 176 177 0
4722 176 179 0
4723 176 190 0
4724 176 176 0
4725 176 180 0
4726 176 180 0
4727 176 178 0
4728 176 180 4144
4729 176 176 4144
4730 176 176 4147
4731 176 176 4147
4732 176 176 0
4733 176 176 0
4734 176 176 0
4735 176 178 0
4736 176 177 0
4737 176 180 0
4738 176 179 0
4739 176 176 0
4740 176 178 0
4741 176 176 0
4742 176 177 0
4743 176 176 0
4744 176 176 0
4745 176 176 0
4746 176 176 0
4747 176 176 0
4748 176 176 0
4749 176 176 0
4750 176 176 0
4751 176 190 0
4752 176 177 0
4753 176 176 0
4754 176 176 0
4755 176 176 0
4756 176 186 0
4757 176 176 0
4758 176 176 0
4759 176 176 0
4760 176 185 0
4761 176 176 0
4762 176 176 0
4763 176 178 0
4764 176 191 0
4765 176 176 0
4766 176 180 0
4767 176 176 0
4768 176 176 0
4769 176 176 0
4770 176 180 0
4771 176 176 0
4772 176 176 0
4773 176 176 0
4774 176 185 0
4775 176 177 0
4776 176 176 0
4777 176 176 0
4778 176 176 0
4779 176 176 0
4780 176 180 0
4781 176 178 0
4782 176 176 0
4783 176 176 0
4784 176 176 0
4785 176 176 0
4786 176 176 0
4787 176 180 0
4788 176 178 0
4789 176 176 0
4790 176 179 0
4791 176 176 0
4792 176 180 0
4793 177 181 0
4794 177 181 0
4795 177 179 0
4796 177 177 0
4797 177 179 0
4798 177 184 0
4799 177 181 0
4800 177 182 0
4801 177 191 0
4802 177 179 0
4803 177 186 0
4804 177 181 0
4805 177 177 0
4806 177 180 0
4807 177 181 0
4808 177 178 0
4809 177 179 0
4810 177 177 0
4811 177 181 0
4812 177 177 0
4813 177 178 0
4814 177 181 0
4815 177 191 0
4816 177 177 0
4817 177 179 0
4818 177 181 0
4819 177 177 0
4820 177 177 0
4821 177 177 0
4822 177 179 0
4823 177 177 0
4824 177 181 0
4825 177 183 0
4826 177 177 0
4827 177 177 0
4828 177 177 0
4829 177 178 0
4830 177 181 0
4831 177 177 0
4832 177 177 0
4833 177 177 0
4834 177 180 0
4835 177 190 0
4836 177 177 0
4837 177 181 0
4838 177 181 0
4839 177 177 0
4840 177 177 0
4841 177 177 0
4842 177 177 0
4843 177 181 0
4844 177 177 0
4845 177 178 0
4846 177 178 0
4847 177 178 0
4848 177 178 0
4849 177 177 0
4850 177 177 0
4851 177 177 0
4852 177 177 0
4853 177 177 0
4854 177 177 0
4855 177 181 0
4856 177 177 0
4857 177 180 0
4858 177 177 0
4859 177 179 0
4860 177 178 0
4861 177 179 0
4862 177 177 0
4863 177 181 0
4864 177 182 0
4865 177 177 0
4866 177 179 0
4867 177 177 0
4868 177 177 0
4869 177 178 0
4870 177 177 0
4871 177 181 0
4872 177 180 0
4873 177 178 0
4874 177 177 0
4875 177 177 0
4876 177 178 0
4877 177 177 0
4878 177 178 0
4879 177 178 0
4880 177 177 0
4881 177 177 0
4882 177 177 0
4883 177 179 0
4884 177 181 0
4885 177 181 0
4886 177 179 0
4887 177 177 0
4888 177 177 0
4889 177 177 0
4890 177 177 0
4891 177 177 0
4892 177 191 0
4893 177 194 0
4894 177 180 0
4895 177 177 0
4896 177 181 0
4897 178 178 0
4898 178 187 0
4899 178 182 0
4900 178 182 0
4901 178 179 0
4902 178 178 0
4903 178 182 0
4904 178 182 0
4905 178 187 0
4906 178 178 0
4907 178 187 0
4908 178 194 0
4909 178 182 0
4910 178 183 0
4911 178 178 4853
4912 178 188 4853
4913 178 180 4604
4914 178 178 4604
4915 178 193 0
4916 178 178 0
4917 178 178 0
4918 178 178 0
4919 178 178 0
4920 178 182 0
4921 178 178 0
4922 178 187 0
4923 178 178 0
4924 178 178 0
4925 178 182 0
4926 178 181 0
4927 178 180 0
4928 178 192 0
4929 178 178 0
4930 178 181 0
4931 178 191 0
4932 178 179 0
4933 178 192 0
4934 178 190 0
4935 178 178 0
4936 178 182 0
4937 178 178 0
4938 178 192 0
4939 178 181 0
4940 178 179 0
4941 178 178 0
4942 178 181 0
4943 178 190 0
4944 178 178 0
4945 178 179 0
4946 178 178 0
4947 178 178 0
4948 178 179 0
4949 178 186 0
4950 178 178 0
4951 178 178 0
4952 178 178 0
4953 178 178 0
4954 178 178 0
4955 178 178 0
4956 178 183 0
4957 178 178 0
4958 178 179 0
4959 178 180 0
4960 178 182 0
4961 178 178 0
4962 178 179 0
4963 178 178 0
4964 178 182 0
4965 178 182 0
4966 178 178 0
4967 178 178 0
4968 178 178 0
4969 178 178 0
4970 178 178 0
4971 178 178 0
4972 178 178 0
4973 178 182 0
4974 178 178 0
4975 178 178 0
4976 178 187 0
4977 178 180 0
4978 178 184 0
4979 178 182 0
4980 178 179 0
4981 179 185 0
4982 179 180 0
4983 179 180 0
4984 179 187 0
4985 179 181 0
4986 179 186 0
4987 179 186 0
4988 179 193 0
4989 179 191 0
4990 179 181 0
4991 179 194 0
4992 179 180 0
4993 179 183 0
4994 179 179 4188
4995 179 179 4188
4996 179 179 0
4997 179 194 0
4998 179 179 0
4999 179 179 0
5000 179 179 0
5001 179 179 0
5002 179 179 0
5003 179 179 0
5004 179 184 0
5005 179 179 0
5006 179 180 0
5007 179 181 0
5008 179 179 0
5009 179 184 0
5010 179 179 0
5011 179 183 0
5012 179 183 0
5013 179 179 0
5014 179 179 0
5015 179 179 0
5016 179 188 0
5017 179 179 0
5018 179 179 0
5019 179 182 0
5020 179 183 0
5021 179 180 0
5022 179 179 0
5023 179 179 0
5024 179 182 0
5025 179 179 0
5026 179 179 0
5027 179 179 0
5028 179 188 0
5029 179 180 0
5030 179 179 0
5031 179 179 0
5032 179 179 0
5033 179 179 0
5034 179 181 0
5035 179 179 0
5036 179 180 0
5037 179 179 0
5038 179 180 0
5039 179 180 0
5040 179 179 0
5041 179 188 0
5042 179 179 0
5043 179 179 0
5044 179 180 0
5045 179 180 0
5046 179 183 0
5047 179 191 0
5048 179 179 0
5049 179 179 0
5050 179 183 0
5051 179 179 0
5052 179 194 0
5053 179 182 0
5054 179 179 0
5055 179 179 0
5056 179 179 0
5057 179 179 0
5058 180 184 0
5059 180 184 0
5060 180 189 0
5061 180 189 0
5062 180 194 0
5063 180 184 0
5064 180 194 0
5065 180 184 0
5066 180 185 0
5067 180 193 0
5068 180 184 0
5069 180 188 0
5070 180 184 0
5071 180 184 0
5072 180 180 0
5073 180 181 4817
5074 180 180 4817
5075 180 180 0
5076 180 191 0
5077 180 193 4695
5078 180 180 4695
5079 180 189 0
5080 180 180 0
5081 180 181 0
5082 180 184 0
5083 180 180 0
5084 180 189 0
5085 180 183 0
5086 180 180 0
5087 180 182 0
5088 180 189 0
5089 180 180 0
5090 180 181 0
5091 180 180 0
5092 180 182 0
5093 180 184 0
5094 180 185 0
5095 180 190 0
5096 180 180 0
5097 180 180 0
5098 180 180 0
5099 180 180 0
5100 180 181 0
5101 180 180 0
5102 180 180 0
5103 180 180 0
5104 180 180 0
5105 180 180 0
5106 180 194 0
5107 180 183 0
5108 180 180 0
5109 180 180 0
5110 180 184 0
5111 180 180 0
5112 180 180 0
5113 180 180 0
5114 180 184 0
5115 180 190 0
5116 180 180 0
5117 180 192 0
5118 180 180 0
5119 180 182 0
5120 180 182 0
5121 180 185 0
5122 180 180 0
5123 180 181 0
5124 180 182 0
5125 180 181 0
5126 180 182 0
5127 180 180 0
5128 180 187 0
5129 180 184 0
5130 180 180 0
5131 180 180 0
5132 180 180 0
5133 180 180 0
5134 180 180 0
5135 180 180 0
5136 180 187 0
5137 180 184 0
5138 180 180 0
5139 180 180 0
5140 180 180 0
5141 180 182 0
5142 180 180 0
5143 180 184 0
5144 180 180 0
5145 180 187 0
5146 180 182 0
5147 180 182 0
5148 180 189 0
5149 180 188 0
5150 180 180 0
5151 180 180 0
5152 180 180 0
5153 180 180 0
5154 180 181 0
5155 180 180 0
5156 180 180 0
5157 180 180 0
5158 180 181 0
5159 180 182 0
5160 181 185 0
5161 181 190 0
5162 181 183 0
5163 181 191 0
5164 181 185 0
5165 181 182 0
5166 181 181 0
5167 181 185 0
5168 181 184 0
5169 181 181 0
5170 181 194 0
5171 181 190 0
5172 181 190 0
5173 181 186 0
5174 181 185 5072
5175 181 181 5072
5176 181 181 4570
5177 181 184 4570
5178 181 182 5039
5179 181 181 5039
5180 181 181 0
5181 181 181 0
5182 181 190 0
5183 181 190 0
5184 181 194 0
5185 181 185 0
5186 181 181 0
5187 181 184 0
5188 181 194 0
5189 181 184 0
5190 181 181 0
5191 181 182 0
5192 181 181 0
5193 181 186 0
5194 181 185 0
5195 181 194 0
5196 181 181 0
5197 181 181 0
5198 181 181 0
5199 181 181 0
5200 181 190 0
5201 181 182 0
5202 181 181 0
5203 181 182 0
5204 181 183 0
5205 181 181 0
5206 181 181 0
5207 181 181 0
5208 181 181 0
5209 181 185 0
5210 181 181 0
5211 181 181 0
5212 181 181 0
5213 181 183 0
5214 181 185 0
5215 181 181 0
5216 181 181 0
5217 181 185 0
5218 181 181 0
5219 181 181 0
5220 181 185 0
5221 181 185 0
5222 181 181 0
5223 181 181 0
5224 181 182 0
5225 181 181 0
5226 181 190 0
5227 181 181 0
5228 181 188 0
5229 181 184 0
5230 181 181 0
5231 181 181 0
5232 181 181 0
5233 181 181 0
5234 181 181 0
5235 181 190 0
5236 181 185 0
5237 181 181 0
5238 181 181 0
5239 181 181 0
5240 181 190 0
5241 181 181 0
5242 181 181 0
5243 181 181 0
5244 181 185 0
5245 181 181 0
5246 181 181 0
5247 181 184 0
5248 181 181 0
5249 181 181 0
5250 181 181 0
5251 181 182 0
5252 181 185 0
5253 181 181 0
5254 181 190 0
5255 181 181 0
5256 181 181 0
5257 182 186 0
5258 182 186 0
5259 182 194 0
5260 182 194 0
5261 182 185 0
5262 182 184 0
5263 182 190 0
5264 182 182 0
5265 182 194 0
5266 182 186 0
5267 182 186 0
5268 182 186 0
5269 182 193 0
5270 182 184 0
5271 182 191 0
5272 182 194 0
5273 182 182 0
5274 182 188 0
5275 182 186 0
5276 182 186 0
5277 182 194 0
5278 182 186 5081
5279 182 182 5081
5280 182 182 0
5281 182 194 0
5282 182 185 4625
5283 182 182 4625
5284 182 182 0
5285 182 182 0
5286 182 182 0
5287 182 182 0
5288 182 182 0
5289 182 182 0
5290 182 182 0
5291 182 182 0
5292 182 184 0
5293 182 182 0
5294 182 182 0
5295 182 182 0
5296 182 184 0
5297 182 182 0
5298 182 182 0
5299 182 184 0
5300 182 184 0
5301 182 182 0
5302 182 182 0
5303 182 182 0
5304 182 182 0
5305 182 182 0
5306 182 185 0
5307 182 183 0
5308 182 183 0
5309 182 182 0
5310 182 182 0
5311 182 182 0
5312 182 182 0
5313 182 182 0
5314 182 183 0
5315 182 182 0
5316 182 184 0
5317 182 182 0
5318 182 182 0
5319 182 185 0
5320 182 182 0
5321 182 188 0
5322 182 186 0
5323 182 182 0
5324 182 193 0
5325 182 182 0
5326 182 182 0
5327 182 182 0
5328 182 185 0
5329 182 187 0
5330 182 190 0
5331 182 187 0
5332 182 182 0
5333 182 183 0
5334 182 182 0
5335 182 186 0
5336 182 182 0
5337 182 182 0
5338 182 186 0
5339 182 185 0
5340 182 183 0
5341 182 182 0
5342 182 182 0
5343 182 182 0
5344 182 183 0
5345 182 185 0
5346 182 182 0
5347 182 182 0
5348 182 188 0
5349 182 188 0
5350 182 182 0
5351 182 182 0
5352 182 183 0
5353 182 182 0
5354 182 194 0
5355 182 184 0
5356 182 185 0
5357 182 186 0
5358 182 182 0
5359 182 182 0
5360 182 182 0
5361 182 182 0
5362 182 182 0
5363 182 182 0
5364 182 194 0
5365 182 182 0
5366 182 182 0
5367 182 182 0
5368 182 182 0
5369 182 182 0
5370 183 183 0
5371 183 186 0
5372 183 194 0
5373 183 185 0
5374 183 194 0
5375 183 194 0
5376 183 194 0
5377 183 194 0
5378 183 183 0
5379 183 183 0
5380 183 192 0
5381 183 194 0
5382 183 187 0
5383 183 194 0
5384 183 187 0
5385 183 192 5087
5386 183 183 5087
5387 183 187 5147
5388 183 183 5147
5389 183 192 0
5390 183 183 0
5391 183 183 0
5392 183 183 0
5393 183 194 0
5394 183 187 0
5395 183 183 0
5396 183 183 0
5397 183 194 0
5398 183 183 0
5399 183 183 0
5400 183 187 0
5401 183 194 0
5402 183 183 0
5403 183 185 0
5404 183 183 0
5405 183 194 0
5406 183 183 0
5407 183 186 0
5408 183 183 0
5409 183 194 0
5410 183 184 0
5411 183 183 0
5412 183 183 0
5413 183 190 0
5414 183 183 0
5415 183 187 0
5416 183 188 0
5417 183 184 0
5418 183 183 0
5419 183 183 0
5420 183 184 0
5421 183 183 0
5422 183 194 0
5423 183 183 0
5424 183 186 0
5425 183 183 0
5426 183 187 0
5427 183 183 0
5428 183 183 0
5429 183 187 0
5430 183 183 0
5431 183 183 0
5432 183 184 0
5433 183 187 0
5434 183 183 0
5435 183 184 0
5436 183 187 0
5437 183 187 0
5438 183 183 0
5439 183 183 0
5440 183 187 0
5441 183 183 0
5442 183 183 0
5443 183 192 0
5444 183 183 0
5445 183 183 0
5446 183 183 0
5447 183 187 0
5448 183 183 0
5449 183 183 0
5450 183 194 0
5451 183 187 0
5452 183 187 0
5453 183 187 0
5454 184 188 0
5455 184 190 0
5456 184 194 0
5457 184 185 0
5458 184 193 0
5459 184 188 0
5460 184 188 0
5461 184 188 0
5462 184 193 0
5463 184 187 0
5464 184 188 0
5465 184 187 0
5466 184 186 0
5467 184 194 0
5468 184 184 0
5469 184 184 0
5470 184 184 0
5471 184 184 0
5472 184 192 0
5473 184 184 0
5474 184 184 0
5475 184 187 0
5476 184 184 0
5477 184 184 0
5478 184 188 0
5479 184 186 0
5480 184 184 0
5481 184 184 0
5482 184 184 0
5483 184 184 0
5484 184 184 0
5485 184 188 0
5486 184 184 0
5487 184 185 0
5488 184 185 0
5489 184 184 0
5490 184 188 0
5491 184 184 0
5492 184 193 0
5493 184 188 0
5494 184 184 0
5495 184 184 0
5496 184 194 0
5497 184 194 0
5498 184 188 0
5499 184 184 0
5500 184 186 0
5501 184 185 0
5502 184 194 0
5503 184 193 0
5504 184 184 0
5505 184 184 0
5506 184 184 0
5507 184 184 0
5508 184 194 0
5509 184 185 0
5510 184 184 0
5511 184 184 0
5512 184 184 0
5513 184 194 0
5514 184 184 0
5515 184 193 0
5516 184 186 0
5517 184 184 0
5518 184 184 0
5519 184 184 0
5520 184 194 0
5521 184 184 0
5522 184 184 0
5523 184 184 0
5524 184 184 0
5525 184 184 0
5526 184 188 0
5527 184 186 0
5528 184 184 0
5529 184 184 0
5530 184 184 0
5531 184 188 0
5532 184 184 0
5533 184 185 0
5534 185 189 0
5535 185 190 0
5536 185 190 0
5537 185 194 0
5538 185 186 0
5539 185 190 0
5540 185 191 0
5541 185 194 0
5542 185 189 0
5543 185 190 0
5544 185 189 0
5545 185 186 0
5546 185 189 5296
5547 185 185 5296
5548 185 185 5110
5549 185 186 5110
5550 185 185 0
5551 185 189 0
5552 185 185 0
5553 185 187 0
5554 185 189 0
5555 185 185 0
5556 185 185 0
5557 185 194 0
5558 185 189 0
5559 185 185 0
5560 185 193 0
5561 185 185 0
5562 185 186 0
5563 185 186 0
5564 185 189 0
5565 185 193 0
5566 185 186 0
5567 185 189 0
5568 185 185 0
5569 185 185 0
5570 185 189 0
5571 185 185 0
5572 185 185 0
5573 185 185 0
5574 185 185 0
5575 185 185 0
5576 185 185 0
5577 185 194 0
5578 185 192 0
5579 185 185 0
5580 185 185 0
5581 185 185 0
5582 185 185 0
5583 185 185 0
5584 185 185 0
5585 185 189 0
5586 185 185 0
5587 185 192 0
5588 185 185 0
5589 185 187 0
5590 185 185 0
5591 185 189 0
5592 185 185 0
5593 185 189 0
5594 185 185 0
5595 185 187 0
5596 185 189 0
5597 185 186 0
5598 185 185 0
5599 185 185 0
5600 185 189 0
5601 185 185 0
5602 185 185 0
5603 185 187 0
5604 185 192 0
5605 185 185 0
5606 185 185 0
5607 185 192 0
5608 185 189 0
5609 185 185 0
5610 185 185 0
5611 186 190 0
5612 186 187 0
5613 186 194 0
5614 186 194 0
5615 186 190 0
5616 186 194 0
5617 186 194 0
5618 186 191 0
5619 186 194 0
5620 186 194 0
5621 186 187 0
5622 186 190 0
5623 186 189 0
5624 186 191 0
5625 186 191 0
5626 186 194 0
5627 186 186 0
5628 186 194 0
5629 186 190 0
5630 186 186 0
5631 186 186 0
5632 186 190 0
5633 186 186 0
5634 186 186 0
5635 186 186 0
5636 186 186 0
5637 186 191 0
5638 186 188 0
5639 186 186 0
5640 186 194 0
5641 186 186 0
5642 186 186 0
5643 186 186 0
5644 186 186 0
5645 186 186 0
5646 186 189 0
5647 186 186 0
5648 186 186 0
5649 186 186 0
5650 186 186 0
5651 186 186 0
5652 186 188 0
5653 186 193 0
5654 186 186 0
5655 186 187 0
5656 186 187 0
5657 186 188 0
5658 186 186 0
5659 186 194 0
5660 186 186 0
5661 186 190 0
5662 186 186 0
5663 186 186 0
5664 186 194 0
5665 186 186 0
5666 186 194 0
5667 186 186 0
5668 186 186 0
5669 186 187 0
5670 186 188 0
5671 186 186 0
5672 186 188 0
5673 186 187 0
5674 186 194 0
5675 186 190 0
5676 186 186 0
5677 186 186 0
5678 186 190 0
5679 186 189 0
5680 186 189 0
5681 186 186 0
5682 186 191 0
5683 186 188 0
5684 186 186 0
5685 186 186 0
5686 186 186 0
5687 186 186 0
5688 186 186 0
5689 186 194 0
5690 186 186 0
5691 186 188 0
5692 186 186 0
5693 186 188 0
5694 186 186 0
5695 187 194 0
5696 187 194 0
5697 187 194 0
5698 187 189 0
5699 187 191 0
5700 187 191 0
5701 187 191 0
5702 187 191 0
5703 187 191 0
5704 187 194 0
5705 187 190 0
5706 187 187 0
5707 187 191 0
5708 187 191 0
5709 187 189 0
5710 187 187 0
5711 187 194 0
5712 187 187 0
5713 187 191 0
5714 187 187 0
5715 187 187 0
5716 187 187 0
5717 187 187 0
5718 187 187 0
5719 187 187 0
5720 187 191 0
5721 187 189 0
5722 187 188 0
5723 187 187 0
5724 187 187 0
5725 187 187 0
5726 187 188 0
5727 187 189 0
5728 187 187 0
5729 187 187 0
5730 187 187 0
5731 187 188 0
5732 187 187 0
5733 187 187 0
5734 187 187 0
5735 187 187 0
5736 187 187 0
5737 187 187 0
5738 187 191 0
5739 187 188 0
5740 187 187 0
5741 187 188 0
5742 187 187 0
5743 187 187 0
5744 187 188 0
5745 187 191 0
5746 187 187 0
5747 187 188 0
5748 187 187 0
5749 187 187 0
5750 187 187 0
5751 187 188 0
5752 187 190 0
5753 187 187 0
5754 187 193 0
5755 187 187 0
5756 187 187 0
5757 187 194 0
5758 187 188 0
5759 187 187 0
5760 187 189 0
5761 187 187 0
5762 187 187 0
5763 187 189 0
5764 187 187 0
5765 187 191 0
5766 187 187 0
5767 187 187 0
5768 187 190 0
5769 187 187 0
5770 187 194 0
5771 187 187 0
5772 187 191 0
5773 187 191 0
5774 187 190 0
5775 187 187 0
5776 187 194 0
5777 188 194 0
5778 188 194 0
5779 188 188 0
5780 188 194 0
5781 188 190 0
5782 188 192 0
5783 188 188 0
5784 188 192 0
5785 188 192 0
5786 188 192 0
5787 188 192 0
5788 188 192 0
5789 188 188 0
5790 188 192 0
5791 188 192 0
5792 188 188 0
5793 188 194 0
5794 188 188 0
5795 188 188 0
5796 188 188 0
5797 188 192 5732
5798 188 188 5732
5799 188 188 5329
5800 188 194 5329
5801 188 188 0
5802 188 188 0
5803 188 188 0
5804 188 188 0
5805 188 188 0
5806 188 188 0
5807 188 188 0
5808 188 188 0
5809 188 192 0
5810 188 188 0
5811 188 188 0
5812 188 188 0
5813 188 188 0
5814 188 188 0
5815 188 188 0
5816 188 188 0
5817 188 188 0
5818 188 188 0
5819 188 188 0
5820 188 192 0
5821 188 188 0
5822 188 188 0
5823 188 194 0
5824 188 188 0
5825 188 194 0
5826 188 192 0
5827 188 188 0
5828 188 190 0
5829 188 189 0
5830 188 194 0
5831 188 188 0
5832 188 188 0
5833 188 190 0
5834 188 188 0
5835 188 188 0
5836 188 188 0
5837 188 188 0
5838 188 188 0
5839 188 188 0
5840 188 188 0
5841 188 188 0
5842 188 190 0
5843 188 188 0
5844 188 188 0
5845 188 188 0
5846 188 188 0
5847 188 189 0
5848 188 192 0
5849 188 188 0
5850 188 188 0
5851 188 188 0
5852 188 194 0
5853 188 188 0
5854 189 194 0
5855 189 193 0
5856 189 194 0
5857 189 191 0
5858 189 194 0
5859 189 194 0
5860 189 194 0
5861 189 191 0
5862 189 194 0
5863 189 192 0
5864 189 194 0
5865 189 189 0
5866 189 193 0
5867 189 189 0
5868 189 193 0
5869 189 194 0
5870 189 189 0
5871 189 194 0
5872 189 194 5348
5873 189 189 5348
5874 189 189 0
5875 189 191 0
5876 189 189 0
5877 189 190 0
5878 189 189 0
5879 189 189 0
5880 189 190 0
5881 189 193 0
5882 189 189 0
5883 189 193 0
5884 189 194 0
5885 189 190 0
5886 189 189 0
5887 189 191 0
5888 189 193 0
5889 189 189 0
5890 189 189 0
5891 189 189 0
5892 189 189 0
5893 189 191 0
5894 189 190 0
5895 189 192 0
5896 189 189 0
5897 189 189 0
5898 189 189 0
5899 189 189 0
5900 189 189 0
5901 189 189 0
5902 189 189 0
5903 189 189 0
5904 189 189 0
5905 189 189 0
5906 189 194 0
5907 189 193 0
5908 189 194 0
5909 189 189 0
5910 189 194 0
5911 189 194 0
5912 189 193 0
5913 189 189 0
5914 189 189 0
5915 189 190 0
5916 189 189 0
5917 189 189 0
5918 189 189 0
5919 189 189 0
5920 189 194 0
5921 189 191 0
5922 189 189 0
5923 189 189 0
5924 189 189 0
5925 189 193 0
5926 189 189 0
5927 189 194 0
5928 189 189 0
5929 189 189 0
5930 189 189 0
5931 189 193 0
5932 189 193 0
5933 189 189 0
5934 189 189 0
5935 189 189 0
5936 189 189 0
5937 189 189 0
5938 189 189 0
5939 189 189 0
5940 189 189 0
5941 189 189 0
5942 189 189 0
5943 189 189 0
5944 189 189 0
5945 189 189 0
5946 189 190 0
5947 189 189 0
5948 189 189 0
5949 190 194 0
5950 190 194 0
5951 190 194 0
5952 190 194 0
5953 190 194 0
5954 190 194 0
5955 190 194 0
5956 190 194 0
5957 190 194 0
5958 190 192 0
5959 190 193 0
5960 190 194 0
5961 190 194 0
5962 190 194 0
5963 190 194 0
5964 190 194 0
5965 190 194 0
5966 190 194 0
5967 190 194 0
5968 190 194 0
5969 190 194 0
5970 190 192 0
5971 190 190 5727
5972 190 194 5727
5973 190 190 0
5974 190 194 0
5975 190 190 0
5976 190 190 0
5977 190 190 0
5978 190 190 0
5979 190 190 0
5980 190 190 0
5981 190 190 0
5982 190 193 0
5983 190 190 0
5984 190 194 0
5985 190 192 0
5986 190 190 0
5987 190 190 0
5988 190 190 0
5989 190 190 0
5990 190 192 0
5991 190 190 0
5992 190 190 0
5993 190 190 0
5994 190 190 0
5995 190 191 0
5996 190 190 0
5997 190 194 0
5998 190 190 0
5999 190 191 0
6000 190 190 0
6001 190 190 0
6002 190 190 0
6003 190 190 0
6004 190 194 0
6005 190 190 0
6006 190 190 0
6007 190 190 0
6008 190 190 0
6009 190 193 0
6010 190 190 0
6011 190 192 0
6012 190 190 0
6013 190 191 0
6014 190 190 0
6015 190 194 0
6016 190 191 0
6017 190 190 0
6018 190 190 0
6019 190 190 0
6020 190 190 0
6021 190 191 0
6022 190 194 0
6023 190 192 0
6024 190 193 0
6025 190 190 0
6026 190 192 0
6027 190 190 0
6028 190 190 0
6029 190 191 0
6030 190 191 0
6031 190 190 0
6032 190 194 0
6033 190 190 0
6034 190 194 0
6035 190 190 0
6036 190 194 0
6037 190 194 0
6038 191 191 0
6039 191 194 0
6040 191 194 0
6041 191 194 0
6042 191 194 0
6043 191 194 0
6044 191 194 0
6045 191 194 0
6046 191 194 0
6047 191 194 0
6048 191 194 0
6049 191 191 0
6050 191 194 0
6051 191 193 0
6052 191 194 0
6053 191 194 0
6054 191 194 0
6055 191 193 0
6056 191 191 0
6057 191 194 0
6058 191 194 0
6059 191 191 0
6060 191 194 0
6061 191 191 0
6062 191 194 0
6063 191 191 4943
6064 191 194 4943
6065 191 191 0
6066 191 194 0
6067 191 191 0
6068 191 194 0
6069 191 191 0
6070 191 191 0
6071 191 191 0
6072 191 191 0
6073 191 194 0
6074 191 192 0
6075 191 191 0
6076 191 191 0
6077 191 191 0
6078 191 192 0
6079 191 194 0
6080 191 192 0
6081 191 194 0
6082 191 191 0
6083 191 194 0
6084 191 191 0
6085 191 194 0
6086 191 191 0
6087 191 191 0
6088 191 194 0
6089 191 191 0
6090 191 193 0
6091 191 191 0
6092 191 193 0
6093 191 191 0
6094 191 194 0
6095 191 192 0
6096 191 191 0
6097 191 194 0
6098 191 191 0
6099 191 191 0
6100 191 191 0
6101 191 194 0
6102 191 191 0
6103 191 194 0
6104 191 191 0
6105 191 194 0
6106 191 191 0
6107 191 191 0
6108 191 191 0
6109 191 191 0
6110 191 191 0
6111 191 191 0
6112 191 191 0
6113 191 194 0
6114 191 191 0
6115 191 191 0
6116 191 193 0
6117 191 191 0
6118 191 194 0
6119 191 191 0
6120 191 194 0
6121 191 191 0
6122 191 191 0
6123 191 194 0
6124 191 191 0
6125 191 191 0
6126 191 191 0
6127 191 194 0
6128 191 194 0
6129 191 194 0
6130 191 191 0
6131 191 194 0
6132 191 194 0
6133 191 191 0
6134 191 191 0
6135 192 194 0
6136 192 194 0
6137 192 194 0
6138 192 194 0
6139 192 194 0
6140 192 194 0
6141 192 194 0
6142 192 192 0
6143 192 193 0
6144 192 194 0
6145 192 194 0
6146 192 194 0
6147 192 194 0
6148 192 192 0
6149 192 192 0
6150 192 192 0
6151 192 192 0
6152 192 194 0
6153 192 192 0
6154 192 192 0
6155 192 193 0
6156 192 194 0
6157 192 192 0
6158 192 194 0
6159 192 192 0
6160 192 192 0
6161 192 192 0
6162 192 192 0
6163 192 194 0
6164 192 193 0
6165 192 193 0
6166 192 194 0
6167 192 192 0
6168 192 193 0
6169 192 192 0
6170 192 192 0
6171 192 193 0
6172 192 192 0
6173 192 192 0
6174 192 192 0
6175 192 192 0
6176 192 194 0
6177 192 194 0
6178 192 192 0
6179 192 194 0
6180 192 192 0
6181 192 192 0
6182 192 193 0
6183 192 192 0
6184 192 194 0
6185 192 192 0
6186 192 192 0
6187 192 194 0
6188 192 192 0
6189 192 192 0
6190 192 193 0
6191 192 192 0
6192 192 192 0
6193 192 192 0
6194 192 194 0
6195 192 192 0
6196 192 192 0
6197 192 193 0
6198 192 192 0
6199 192 192 0
6200 192 194 0
6201 192 192 0
6202 192 193 0
6203 192 192 0
6204 192 192 0
6205 192 192 0
6206 192 192 0
6207 192 192 0
6208 192 192 0
6209 192 192 0
6210 192 192 0
6211 192 192 0
6212 192 193 0
6213 192 192 0
6214 192 192 0
6215 192 193 0
6216 192 192 0
6217 193 194 0
6218 193 194 0
6219 193 193 0
6220 193 194 0
6221 193 193 0
6222 193 194 0
6223 193 193 0
6224 193 194 0
6225 193 193 0
6226 193 194 0
6227 193 193 0
6228 193 194 0
6229 193 194 0
6230 193 194 0
6231 193 194 0
6232 193 194 0
6233 193 194 0
6234 193 194 0
6235 193 194 5985
6236 193 194 5985
6237 193 193 4938
6238 193 194 4938
6239 193 193 0
6240 193 194 0
6241 193 193 0
6242 193 194 0
6243 193 193 0
6244 193 193 0
6245 193 193 0
6246 193 194 0
6247 193 194 0
6248 193 194 0
6249 193 193 0
6250 193 193 0
6251 193 193 0
6252 193 194 0
6253 193 193 0
6254 193 193 0
6255 193 194 0
6256 193 194 0
6257 193 194 0
6258 193 193 0
6259 193 194 0
6260 193 193 0
6261 193 194 0
6262 193 193 0
6263 193 194 0
6264 193 193 0
6265 193 193 0
6266 193 194 0
6267 193 193 0
6268 193 193 0
6269 193 193 0
6270 193 193 0
6271 193 193 0
6272 193 193 0
6273 193 194 0
6274 193 193 0
6275 193 193 0
6276 193 193 0
6277 193 193 0
6278 193 193 0
6279 193 193 0
6280 193 193 0
6281 193 193 0
6282 193 193 0
6283 193 193 0
6284 193 193 0
6285 193 193 0
6286 193 193 0
6287 193 193 0
6288 193 193 0
6289 193 193 0
6290 193 193 0
6291 193 193 0
6292 193 193 0
6293 193 193 0
6294 193 193 0
6295 193 193 0
6296 193 193 0
6297 193 194 0
6298 193 193 0
6299 193 194 0
6300 193 193 0
6301 193 193 0
6302 193 193 0
6303 193 194 0
6304 193 193 0
6305 193 193 0
6306 193 193 0
6307 193 194 0
6308 194 194 0
6309 194 194 0
6310 194 194 0
6311 194 194 0
6312 194 194 0
6313 194 194 0
6314 194 194 0
6315 194 194 0
6316 194 194 0
6317 194 194 0
6318 194 194 0
6319 194 194 6264
6320 194 194 6264
6321 194 194 0
6322 194 194 0
6323 194 194 0
6324 194 194 0
6325 194 194 0
6326 194 194 0
6327 194 194 0
6328 194 194 0
6329 194 194 0
6330 194 194 0
6331 194 194 0
6332 194 194 0
6333 194 194 0
6334 194 194 0
6335 194 194 0
6336 194 194 0
6337 194 194 0
6338 194 194 0
6339 194 194 0
6340 194 194 0
6341 194 194 0
6342 194 194 0
6343 194 194 0
6344 194 194 0
6345 194 194 0
6346 194 194 0
6347 194 194 0
6348 194 194 0
6349 194 194 0
6350 194 194 0
6351 194 194 0
6352 194 194 0
6353 194 194 0
6354 194 194 0
6355 194 194 0
6356 194 194 0
6357 194 194 0
6358 194 194 0
6359 194 194 0
6360 194 194 0
6361 194 194 0
6362 194 194 0
6363 194 194 0
6364 194 194 0
6365 194 194 0
6366 194 194 0
6367 194 194 0
6368 194 194 0
6369 194 194 0
6370 194 194 0
6371 194 194 0
6372 194 194 0
6373 194 194 0
6374 194 194 0
6375 194 194 0
6376 194 194 0
6377 194 194 0
6378 194 194 0
6379 194 194 0
6380 194 194 0
6381 194 194 0
6382 194 194 0
6383 194 194 0
6384 194 194 0
6385 194 194 0
6386 194 194 0
6387 194 194 0
6388 194 194 0
6389 194 194 0
6390 194 194 0
6391 194 194 0
6392 194 194 0
6393 194 194 0
6394 194 194 0
6395 194 194 0
6396 194 194 0
6397 194 194 0
6398 194 194 0
6399 194 194 0
6400 194 194 0
6401 194 194 0
6402 194 194 0
6403 194 194 0
6404 194 194 0
6405 194 194 0
6406 194 194 0
6407 194 194 0
6408 194 194 0
