1 120 122 0
2 120 120 0
3 120 121 0
4 120 122 0
5 120 125 0
6 120 125 0
7 120 124 0
8 120 124 0
9 120 121 0
10 120 125 0
11 120 121 0
12 120 121 0
13 120 125 0
14 120 121 0
15 120 121 0
16 120 123 0
17 120 125 0
18 120 120 0
19 120 123 0
20 120 122 0
21 120 120 0
22 120 125 0
23 120 125 0
24 120 123 0
25 120 123 0
26 120 120 0
27 120 124 0
28 120 121 0
29 120 121 0
30 120 124 0
31 120 125 0
32 120 122 0
33 120 125 0
34 120 125 0
35 120 124 0
36 120 120 0
37 120 125 0
38 120 124 0
39 120 124 0
40 120 122 0
41 120 125 0
42 120 125 0
43 120 125 0
44 120 120 0
45 120 125 0
46 120 122 0
47 120 125 0
48 120 123 0
49 120 125 0
50 120 120 0
51 120 125 0
52 120 120 0
53 120 121 0
54 120 125 0
55 120 121 0
56 120 125 0
57 120 122 0
58 120 125 0
59 120 125 0
60 120 125 0
61 120 125 0
62 120 122 0
63 120 122 0
64 120 122 0
65 120 121 0
66 120 124 0
67 120 125 0
68 120 122 0
69 120 125 0
70 120 125 0
71 120 125 0
72 120 125 0
73 120 125 0
74 120 125 0
75 120 125 0
76 120 125 0
77 120 125 0
78 120 125 0
79 120 124 0
80 120 125 0
81 120 125 0
82 120 125 0
83 120 120 0
84 120 124 0
85 120 125 0
86 120 125 0
87 120 121 0
88 120 124 0
89 120 123 0
90 120 125 0
91 120 125 0
92 120 121 0
93 120 120 0
94 120 121 0
95 120 125 0
96 120 124 0
97 120 121 0
98 120 125 0
99 120 122 0
100 120 125 0
101 120 123 0
102 120 120 0
103 120 122 0
104 120 125 0
105 120 120 0
106 120 120 0
107 120 124 0
108 120 125 0
109 120 125 0
110 120 124 0
111 120 125 0
112 120 121 0
113 120 125 0
114 120 125 0
115 120 120 0
116 120 125 0
117 120 122 0
118 120 121 0
119 120 125 0
120 120 120 0
121 120 122 0
122 120 125 0
123 120 121 0
124 121 124 2
125 121 121 2
126 121 121 18
127 121 124 18
128 121 121 21
129 121 122 21
130 121 124 26
131 121 122 26
132 121 123 36
133 121 121 36
134 121 121 44
135 121 123 44
136 121 125 50
137 121 121 50
138 121 125 52
139 121 121 52
140 121 123 83
141 121 121 83
142 121 125 93
143 121 121 93
144 121 125 102
145 121 121 102
146 121 125 105
147 121 125 105
148 121 125 106
149 121 123 106
150 121 123 115
151 121 125 115
152 121 124 120
153 121 125 120
154 121 125 0
155 121 125 0
156 121 124 0
157 121 124 0
158 121 121 0
159 121 125 0
160 122 123 0
161 122 122 3
162 122 122 3
163 122 122 12
164 122 123 12
165 122 125 14
166 122 122 14
167 122 125 9
168 122 122 9
169 122 122 15
170 122 125 15
171 122 123 29
172 122 125 29
173 122 125 126
174 122 124 126
175 122 122 53
176 122 125 53
177 122 125 55
178 122 122 55
179 122 125 65
180 122 123 65
181 122 125 158
182 122 125 158
183 122 123 112
184 122 125 112
185 122 125 118
186 122 122 118
187 122 125 0
188 122 123 0
189 122 125 0
190 122 124 0
191 122 125 0
192 122 124 0
193 122 124 0
194 122 122 0
195 122 125 0
196 122 122 0
197 122 125 0
198 122 125 0
199 123 125 161
200 123 123 161
201 123 125 4
202 123 125 4
203 123 125 129
204 123 123 129
205 123 125 163
206 123 123 163
207 123 125 20
208 123 123 20
209 123 125 40
210 123 123 40
211 123 125 46
212 123 123 46
213 123 124 63
214 123 123 63
215 123 125 57
216 123 123 57
217 123 123 68
218 123 125 68
219 123 123 196
220 123 124 196
221 123 125 62
222 123 123 62
223 123 125 117
224 123 123 117
225 123 123 121
226 123 125 121
227 123 123 0
228 123 125 0
229 123 125 0
230 123 124 0
231 123 124 0
232 123 125 0
233 123 125 0
234 123 123 0
235 123 125 0
236 123 125 0
237 123 124 0
238 124 125 0
239 124 125 0
240 124 125 24
241 124 124 24
242 124 125 160
243 124 124 160
244 124 125 25
245 124 124 25
246 124 125 132
247 124 124 132
248 124 125 16
249 124 124 16
250 124 125 19
251 124 124 19
252 124 125 48
253 124 124 48
254 124 125 135
255 124 124 135
256 124 125 234
257 124 125 234
258 124 124 140
259 124 125 140
260 124 125 89
261 124 124 89
262 124 125 101
263 124 124 101
264 124 125 150
265 124 124 150
266 124 124 225
267 124 125 225
268 124 125 0
269 124 125 0
270 124 125 0
271 124 125 0
272 124 125 0
273 125 125 0
274 125 125 124
275 125 125 124
276 125 125 7
277 125 125 7
278 125 125 8
279 125 125 8
280 125 125 230
281 125 125 230
282 125 125 130
283 125 125 130
284 125 125 27
285 125 125 27
286 125 125 190
287 125 125 190
288 125 125 38
289 125 125 38
290 125 125 192
291 125 125 192
292 125 125 213
293 125 125 213
294 125 125 66
295 125 125 66
296 125 125 157
297 125 125 157
298 125 125 261
299 125 125 261
300 125 125 84
301 125 125 84
302 125 125 79
303 125 125 79
304 125 125 156
305 125 125 156
306 125 125 107
307 125 125 107
308 125 125 110
309 125 125 110
310 125 125 237
311 125 125 237
