1 0 0 0
2 0 4 0
3 0 4 0
4 0 3 0
5 1 4 0
6 4 4 0
7 4 4 0
8 4 4 0
9 5 6 0
10 5 6 0
11 5 5 0
12 5 7 0
13 5 5 0
14 5 5 0
15 6 6 0
16 6 6 0
17 6 7 0
18 7 9 16
19 7 7 16
20 7 7 0
21 7 16 0
22 7 8 0
23 8 15 0
24 8 10 0
25 8 24 0
26 8 10 0
27 9 9 0
28 10 10 0
29 10 18 0
30 11 15 0
31 11 16 0
32 11 18 0
33 11 34 0
34 16 18 0
35 16 17 0
36 17 18 0
37 17 28 0
38 18 34 0
39 18 18 0
40 18 18 0
41 19 23 0
42 19 34 0
43 19 34 0
44 19 19 0
45 19 29 0
46 19 23 0
47 19 23 0
48 19 19 0
49 20 22 0
50 20 28 0
51 23 23 0
52 24 34 0
53 24 34 0
54 24 34 0
55 24 34 0
56 24 34 0
57 25 35 0
58 25 55 0
59 29 34 0
60 29 29 0
61 29 35 0
62 30 34 0
63 30 35 0
64 35 86 38
65 35 58 38
66 35 35 54
67 35 59 54
68 35 65 33
69 35 35 33
70 35 85 0
71 35 59 0
72 35 57 0
73 35 58 0
74 35 59 0
75 35 58 0
76 35 57 0
77 35 58 0
78 35 58 0
79 35 35 0
80 35 58 0
81 35 58 0
82 35 44 0
83 35 35 0
84 36 89 0
85 36 58 0
86 36 36 0
87 36 36 0
88 36 51 0
89 36 51 0
90 36 86 0
91 37 44 0
92 37 58 0
93 45 96 0
94 45 59 0
95 45 68 0
96 45 70 0
97 52 63 88
98 52 79 88
99 52 59 0
100 52 81 0
101 56 84 0
102 58 59 0
103 58 84 0
104 58 84 0
105 58 83 0
106 59 85 81
107 59 86 81
108 59 59 0
109 59 59 0
110 59 59 0
111 59 59 0
112 59 60 0
113 59 86 0
114 59 85 0
115 59 69 0
116 59 59 0
117 59 59 0
118 59 87 0
119 59 120 0
120 59 85 0
121 59 60 0
122 60 85 74
123 60 85 74
124 60 86 67
125 60 105 67
126 60 87 0
127 60 86 0
128 60 87 0
129 60 86 0
130 60 86 0
131 60 77 0
132 60 86 0
133 60 85 0
134 60 86 0
135 60 85 0
136 60 60 0
137 60 60 0
138 60 69 0
139 60 79 0
140 61 101 121
141 61 105 121
142 61 87 0
143 61 88 0
144 61 88 0
145 61 86 0
146 64 107 0
147 64 104 0
148 66 108 68
149 66 105 68
150 68 86 0
151 69 70 0
152 69 97 0
153 70 77 138
154 70 87 138
155 70 74 0
156 71 98 0
157 71 100 0
158 71 100 0
159 75 100 0
160 78 87 0
161 78 98 0
162 80 110 0
163 80 83 0
164 80 102 0
165 80 85 0
166 82 121 100
167 82 129 100
168 84 86 0
169 84 113 0
170 84 173 0
171 85 118 0
172 85 116 0
173 85 86 0
174 85 86 0
175 85 117 0
176 85 165 0
177 85 125 0
178 85 126 0
179 86 86 70
180 86 86 70
181 86 119 133
182 86 86 133
183 86 158 135
184 86 120 135
185 86 86 106
186 86 88 106
187 86 194 0
188 86 165 0
189 86 121 0
190 86 123 0
191 86 123 0
192 86 124 0
193 86 118 0
194 86 121 0
195 87 126 127
196 87 119 127
197 87 164 180
198 87 116 180
199 87 118 182
200 87 122 182
201 87 160 134
202 87 118 134
203 87 87 145
204 87 120 145
205 87 112 107
206 87 99 107
207 87 120 124
208 87 119 124
209 87 122 0
210 87 88 0
211 87 123 0
212 87 122 0
213 87 117 0
214 87 88 0
215 87 118 0
216 87 118 0
217 87 87 0
218 87 120 0
219 87 87 0
220 87 87 0
221 87 120 0
222 87 96 0
223 87 88 0
224 88 119 126
225 88 194 126
226 88 120 128
227 88 119 128
228 88 102 142
229 88 128 142
230 88 120 154
231 88 96 154
232 88 122 0
233 88 119 0
234 88 121 0
235 88 125 0
236 88 97 0
237 88 88 0
238 88 120 0
239 89 89 144
240 89 124 144
241 89 125 223
242 89 89 223
243 89 119 0
244 89 164 0
245 89 121 0
246 89 124 0
247 89 117 0
248 89 120 0
249 89 122 0
250 89 126 0
251 90 125 84
252 90 129 84
253 90 121 0
254 90 194 0
255 97 134 93
256 97 128 93
257 97 158 0
258 97 126 0
259 97 130 0
260 98 128 236
261 98 120 236
262 98 113 0
263 98 138 0
264 99 132 0
265 99 129 0
266 99 119 0
267 100 119 0
268 101 145 159
269 101 144 159
270 101 137 157
271 101 102 157
272 101 102 0
273 102 102 0
274 102 124 0
275 103 142 271
276 103 137 271
277 103 129 0
278 103 104 0
279 103 166 0
280 103 112 0
281 105 181 278
282 105 145 278
283 105 126 0
284 106 119 0
285 106 128 0
286 106 194 0
287 106 194 0
288 106 146 0
289 108 175 0
290 108 194 0
291 109 154 0
292 109 129 0
293 111 151 162
294 111 154 162
295 112 112 0
296 113 194 280
297 113 176 280
298 113 166 0
299 113 160 0
300 114 114 169
301 114 136 169
302 115 121 0
303 115 155 0
304 117 119 0
305 117 164 0
306 117 159 0
307 117 160 0
308 118 158 213
309 118 121 213
310 118 161 175
311 118 166 175
312 118 176 0
313 118 174 0
314 119 159 215
315 119 119 215
316 119 166 216
317 119 166 216
318 119 119 0
319 119 160 0
320 119 158 0
321 119 123 0
322 119 119 0
323 119 193 0
324 119 119 0
325 120 169 225
326 120 120 225
327 120 130 227
328 120 162 227
329 120 162 318
330 120 120 318
331 120 194 181
332 120 181 181
333 120 194 267
334 120 162 267
335 120 163 284
336 120 124 284
337 120 173 208
338 120 165 208
339 120 120 0
340 120 120 0
341 120 153 0
342 120 165 0
343 120 120 0
344 120 122 0
345 120 155 0
346 120 162 0
347 120 120 0
348 120 168 0
349 120 164 0
350 120 135 0
351 121 176 230
352 121 164 230
353 121 168 184
354 121 168 184
355 121 122 204
356 121 121 204
357 121 121 248
358 121 157 248
359 121 194 238
360 121 167 238
361 121 165 119
362 121 171 119
363 121 121 207
364 121 166 207
365 121 122 0
366 121 194 0
367 121 122 0
368 121 164 0
369 121 163 0
370 121 121 0
371 121 155 0
372 121 161 0
373 121 167 0
374 121 121 0
375 121 121 0
376 121 194 0
377 121 165 0
378 121 165 0
379 121 165 0
380 122 171 189
381 122 167 189
382 122 165 234
383 122 172 234
384 122 170 194
385 122 194 194
386 122 167 0
387 122 157 0
388 122 163 0
389 122 162 0
390 122 164 0
391 122 164 0
392 122 163 0
393 122 162 0
394 122 166 0
395 122 123 0
396 122 122 0
397 122 194 0
398 122 165 0
399 122 171 0
400 123 165 209
401 123 167 209
402 123 170 367
403 123 169 367
404 123 164 232
405 123 123 232
406 123 194 200
407 123 170 200
408 123 167 355
409 123 167 355
410 123 166 0
411 123 194 0
412 123 123 0
413 123 123 0
414 123 168 0
415 123 149 0
416 124 168 211
417 124 194 211
418 124 173 412
419 124 170 412
420 124 171 321
421 124 194 321
422 124 173 191
423 124 173 191
424 124 170 0
425 124 125 0
426 124 169 0
427 124 167 0
428 124 194 0
429 124 167 0
430 125 194 246
431 125 126 246
432 125 168 240
433 125 168 240
434 125 176 192
435 125 169 192
436 125 161 336
437 125 165 336
438 125 163 0
439 126 174 235
440 126 194 235
441 126 170 425
442 126 155 425
443 126 171 0
444 126 131 0
445 126 126 0
446 127 194 195
447 127 194 195
448 127 194 431
449 127 170 431
450 127 163 250
451 127 194 250
452 127 163 258
453 127 169 258
454 127 173 178
455 127 168 178
456 127 175 0
457 127 128 0
458 129 165 0
459 129 179 0
460 129 174 0
461 129 185 0
462 129 194 0
463 129 170 0
464 129 194 0
465 129 174 0
466 129 170 0
467 129 169 0
468 129 171 0
469 130 175 252
470 130 171 252
471 130 194 265
472 130 167 265
473 130 182 0
474 130 180 0
475 130 147 0
476 131 166 259
477 131 191 259
478 131 179 0
479 131 194 0
480 132 132 444
481 132 185 444
482 133 178 264
483 133 180 264
484 133 181 0
485 135 169 255
486 135 194 255
487 136 175 350
488 136 169 350
489 137 189 0
490 137 163 0
491 138 194 270
492 138 181 270
493 138 182 0
494 138 194 0
495 139 194 263
496 139 194 263
497 143 167 275
498 143 194 275
499 145 162 269
500 145 194 269
501 146 194 268
502 146 194 268
503 146 169 0
504 146 194 0
505 147 171 288
506 147 174 288
507 148 194 475
508 148 194 475
509 150 166 0
510 152 194 293
511 152 194 293
512 154 194 341
513 154 172 341
514 154 163 0
515 155 194 294
516 155 176 294
517 155 194 291
518 155 194 291
519 156 194 345
520 156 194 345
521 156 194 303
522 156 171 303
523 156 194 0
524 156 194 0
525 156 194 0
526 158 194 387
527 158 194 387
528 158 194 0
529 159 194 308
530 159 161 308
531 159 184 183
532 159 194 183
533 159 194 0
534 159 194 0
535 159 194 0
536 159 194 0
537 160 194 306
538 160 194 306
539 160 161 0
540 161 167 307
541 161 194 307
542 161 194 299
543 161 194 299
544 161 194 0
545 161 194 0
546 161 194 0
547 161 194 0
548 161 163 0
549 162 194 539
550 162 194 539
551 162 166 372
552 162 194 372
553 162 194 0
554 162 194 0
555 162 194 0
556 162 194 0
557 162 169 0
558 163 194 328
559 163 179 328
560 163 194 389
561 163 194 389
562 163 194 329
563 163 194 329
564 163 194 393
565 163 194 393
566 163 164 334
567 163 194 334
568 163 194 0
569 163 194 0
570 163 194 0
571 163 163 0
572 163 163 0
573 163 163 0
574 163 194 0
575 163 194 0
576 163 194 0
577 164 191 369
578 164 194 369
579 164 194 392
580 164 194 392
581 164 194 452
582 164 194 452
583 164 194 514
584 164 165 514
585 164 194 0
586 164 194 0
587 164 194 0
588 164 194 0
589 164 176 0
590 164 194 0
591 164 164 0
592 164 174 0
593 164 191 0
594 164 170 0
595 165 165 197
596 165 194 197
597 165 194 244
598 165 194 244
599 165 194 390
600 165 168 390
601 165 194 391
602 165 194 391
603 165 194 352
604 165 194 352
605 165 194 349
606 165 194 349
607 165 168 0
608 165 194 0
609 165 194 0
610 165 194 0
611 165 194 0
612 165 194 0
613 165 194 0
614 166 166 342
615 166 194 342
616 166 169 188
617 166 194 188
618 166 194 382
619 166 194 382
620 166 186 377
621 166 186 377
622 166 194 361
623 166 194 361
624 166 194 435
625 166 194 435
626 166 194 378
627 166 169 378
628 166 194 584
629 166 194 584
630 166 194 437
631 166 194 437
632 166 194 0
633 166 194 0
634 166 168 0
635 166 194 0
636 166 177 0
637 166 194 0
638 166 194 0
639 166 194 0
640 166 169 0
641 166 194 0
642 166 194 0
643 166 194 0
644 166 194 0
645 167 168 410
646 167 168 410
647 167 194 317
648 167 194 317
649 167 194 311
650 167 194 311
651 167 194 509
652 167 169 509
653 167 194 364
654 167 180 364
655 167 194 0
656 167 194 0
657 167 194 0
658 167 194 0
659 167 194 0
660 167 194 0
661 167 194 0
662 167 176 0
663 167 194 0
664 167 194 0
665 167 194 0
666 167 194 0
667 167 194 0
668 167 194 0
669 168 194 401
670 168 194 401
671 168 194 386
672 168 194 386
673 168 194 373
674 168 194 373
675 168 168 427
676 168 194 427
677 168 173 408
678 168 194 408
679 168 194 409
680 168 194 409
681 168 194 0
682 168 194 0
683 168 194 0
684 168 194 0
685 168 194 0
686 168 194 0
687 168 194 0
688 168 179 0
689 168 194 0
690 168 194 0
691 169 172 645
692 169 173 645
693 169 194 607
694 169 194 607
695 169 194 600
696 169 194 600
697 169 194 353
698 169 194 353
699 169 170 414
700 169 169 414
701 169 169 455
702 169 178 455
703 169 194 0
704 169 169 0
705 169 194 0
706 169 194 0
707 169 194 0
708 169 169 0
709 169 194 0
710 169 170 0
711 169 170 0
712 169 194 0
713 169 194 0
714 170 170 426
715 170 170 426
716 170 194 708
717 170 173 708
718 170 170 700
719 170 194 700
720 170 176 435
721 170 194 435
722 170 194 627
723 170 194 627
724 170 194 453
725 170 194 453
726 170 194 467
727 170 193 467
728 170 194 0
729 170 194 0
730 170 194 0
731 170 194 0
732 170 194 0
733 170 194 0
734 170 178 0
735 170 194 0
736 170 194 0
737 170 194 0
738 170 194 0
739 170 194 0
740 170 194 0
741 170 171 0
742 170 194 0
743 170 194 0
744 171 194 424
745 171 194 424
746 171 194 419
747 171 194 419
748 171 194 407
749 171 182 407
750 171 194 449
751 171 194 449
752 171 194 715
753 171 194 715
754 171 194 710
755 171 171 710
756 171 194 711
757 171 194 711
758 171 174 613
759 171 194 613
760 171 194 0
761 171 194 0
762 171 194 0
763 171 194 0
764 171 194 0
765 171 171 0
766 171 194 0
767 172 194 420
768 172 194 420
769 172 194 380
770 172 194 380
771 172 172 443
772 172 194 443
773 172 194 362
774 172 194 362
775 172 194 629
776 172 182 629
777 172 172 765
778 172 172 765
779 172 194 399
780 172 194 399
781 172 194 0
782 172 194 0
783 172 194 0
784 172 178 0
785 172 194 0
786 172 194 0
787 172 194 0
788 172 193 0
789 173 194 383
790 173 194 383
791 173 194 0
792 173 194 0
793 173 194 0
794 173 194 0
795 173 194 0
796 174 194 418
797 174 194 418
798 174 194 423
799 174 194 423
800 174 194 337
801 174 194 337
802 174 194 454
803 174 194 454
804 174 194 0
805 174 194 0
806 174 194 0
807 174 194 0
808 174 194 0
809 174 194 0
810 174 194 0
811 174 194 0
812 175 194 460
813 175 194 460
814 175 194 439
815 175 194 439
816 175 194 592
817 175 194 592
818 175 194 758
819 175 193 758
820 175 194 465
821 175 194 465
822 175 194 0
823 175 194 0
824 176 194 456
825 176 176 456
826 176 194 469
827 176 193 469
828 176 194 487
829 176 194 487
830 176 194 289
831 176 194 289
832 176 176 0
833 177 194 589
834 177 194 589
835 177 194 750
836 177 194 750
837 177 194 720
838 177 194 720
839 177 194 434
840 177 194 434
841 177 194 0
842 177 194 0
843 177 194 0
844 177 194 0
845 177 194 0
846 177 181 0
847 177 194 0
848 177 194 0
849 178 194 636
850 178 194 636
851 178 194 0
852 179 194 784
853 179 182 784
854 179 194 482
855 179 194 482
856 179 186 702
857 179 194 702
858 179 194 0
859 179 194 0
860 180 194 478
861 180 194 478
862 180 194 459
863 180 194 459
864 180 194 0
865 180 194 0
866 181 194 474
867 181 194 474
868 181 194 0
869 181 189 0
870 181 194 0
871 182 194 492
872 182 194 492
873 182 194 846
874 182 194 846
875 182 194 0
876 182 194 0
877 182 194 0
878 183 194 473
879 183 194 473
880 183 194 493
881 183 194 493
882 183 194 0
883 183 194 0
884 183 194 0
885 183 194 0
886 183 194 0
887 185 194 531
888 185 194 531
889 186 194 461
890 186 194 461
891 186 194 481
892 186 194 481
893 187 194 0
894 187 194 0
895 187 194 0
896 190 194 489
897 190 194 489
898 190 194 0
899 192 194 477
900 192 194 477
901 192 194 0
902 192 194 0
903 192 194 0
904 194 194 0
905 194 194 0
906 194 194 0
907 194 194 0
908 194 194 0
