1 120 121 0
2 120 120 0
3 120 122 0
4 120 123 0
5 120 126 0
6 120 164 0
7 120 153 0
8 120 120 0
9 120 165 0
10 120 122 0
11 120 148 0
12 120 128 0
13 120 121 0
14 120 147 0
15 120 165 0
16 120 128 0
17 120 130 0
18 120 164 0
19 120 128 0
20 120 126 0
21 120 120 0
22 120 126 0
23 120 126 0
24 120 163 0
25 120 148 0
26 120 130 0
27 120 122 0
28 120 125 0
29 120 120 0
30 120 126 0
31 120 158 0
32 120 120 0
33 120 120 0
34 120 120 0
35 120 120 0
36 120 122 0
37 120 171 0
38 120 163 0
39 120 120 0
40 120 120 0
41 120 128 0
42 120 128 0
43 120 121 0
44 120 168 0
45 120 132 0
46 120 132 0
47 120 130 0
48 120 120 0
49 120 120 0
50 120 155 0
51 120 171 0
52 120 144 0
53 120 134 0
54 120 122 0
55 120 123 0
56 120 148 0
57 120 166 0
58 120 129 0
59 120 129 0
60 120 123 0
61 120 129 0
62 120 123 0
63 120 123 0
64 120 175 0
65 120 120 0
66 120 120 0
67 120 120 0
68 120 163 0
69 120 120 0
70 120 120 0
71 120 165 0
72 120 122 0
73 120 149 0
74 120 120 0
75 120 150 0
76 120 137 0
77 120 126 0
78 120 120 0
79 120 142 0
80 120 190 0
81 120 126 0
82 120 153 0
83 120 154 0
84 120 128 0
85 120 165 0
86 120 137 0
87 120 130 0
88 120 121 0
89 120 125 0
90 120 136 0
91 120 121 0
92 120 144 0
93 120 144 0
94 120 126 0
95 120 125 0
96 120 124 0
97 120 138 0
98 120 120 0
99 120 137 0
100 120 164 0
101 120 180 0
102 120 155 0
103 120 125 0
104 120 158 0
105 120 121 0
106 120 165 0
107 120 125 0
108 120 134 0
109 120 181 0
110 120 154 0
111 120 151 0
112 120 162 0
113 120 166 0
114 120 127 0
115 120 126 0
116 120 181 0
117 120 169 0
118 120 155 0
119 120 160 0
120 120 124 0
121 120 121 0
122 120 120 0
123 120 125 0
124 120 146 0
125 120 165 0
126 120 169 0
127 120 125 0
128 121 126 2
129 121 161 2
130 121 121 8
131 121 121 8
132 121 138 21
133 121 121 21
134 121 160 29
135 121 137 29
136 121 190 32
137 121 123 32
138 121 137 34
139 121 121 34
140 121 165 39
141 121 126 39
142 121 121 48
143 121 160 48
144 121 121 49
145 121 163 49
146 121 123 65
147 121 164 65
148 121 137 67
149 121 126 67
150 121 161 69
151 121 124 69
152 121 169 74
153 121 153 74
154 121 142 78
155 121 160 78
156 121 165 98
157 121 121 98
158 121 170 122
159 121 125 122
160 121 125 0
161 122 126 1
162 122 122 1
163 122 122 130
164 122 122 130
165 122 147 13
166 122 132 13
167 122 137 139
168 122 142 139
169 122 134 43
170 122 126 43
171 122 122 142
172 122 160 142
173 122 128 88
174 122 138 88
175 122 128 133
176 122 128 133
177 122 161 121
178 122 124 121
179 122 171 0
180 122 163 0
181 123 137 3
182 123 166 3
183 123 163 163
184 123 130 163
185 123 181 10
186 123 157 10
187 123 126 162
188 123 123 162
189 123 126 27
190 123 159 27
191 123 131 171
192 123 126 171
193 123 165 54
194 123 159 54
195 123 124 72
196 123 162 72
197 124 166 188
198 124 128 188
199 124 151 4
200 124 137 4
201 124 168 137
202 124 160 137
203 124 170 55
204 124 159 55
205 124 145 60
206 124 124 60
207 124 124 63
208 124 124 63
209 124 167 146
210 124 169 146
211 125 171 206
212 125 173 206
213 125 125 207
214 125 161 207
215 125 161 151
216 125 190 151
217 125 128 195
218 125 128 195
219 125 162 96
220 125 126 96
221 125 169 120
222 125 165 120
223 126 129 160
224 126 165 160
225 126 128 28
226 126 135 28
227 126 155 159
228 126 182 159
229 126 169 213
230 126 161 213
231 126 173 123
232 126 131 123
233 126 128 127
234 126 154 127
235 127 166 22
236 127 168 22
237 127 162 23
238 127 168 23
239 127 129 5
240 127 190 5
241 127 144 189
242 127 154 189
243 127 161 187
244 127 164 187
245 127 135 20
246 127 131 20
247 127 160 141
248 127 158 141
249 127 167 220
250 127 163 220
251 127 167 149
252 127 190 149
253 127 169 81
254 127 161 81
255 127 166 115
256 127 127 115
257 127 167 0
258 128 175 114
259 128 169 114
260 129 167 198
261 129 169 198
262 129 163 16
263 129 166 16
264 129 155 41
265 129 167 41
266 129 139 42
267 129 139 42
268 129 132 19
269 129 144 19
270 129 149 218
271 129 166 218
272 129 190 84
273 129 168 84
274 129 155 173
275 129 155 173
276 129 135 225
277 129 167 225
278 129 151 0
279 129 132 0
280 130 171 223
281 130 165 223
282 130 144 59
283 130 162 59
284 130 154 239
285 130 156 239
286 130 164 0
287 131 139 87
288 131 134 87
289 131 162 17
290 131 164 17
291 131 134 184
292 131 158 184
293 131 144 0
294 132 135 246
295 132 145 246
296 132 190 232
297 132 168 232
298 133 155 268
299 133 165 268
300 133 133 166
301 133 133 166
302 133 147 46
303 133 139 46
304 134 134 300
305 134 134 300
306 135 155 304
307 135 184 304
308 135 158 291
309 135 158 291
310 135 135 169
311 135 135 169
312 135 154 53
313 135 151 53
314 136 158 245
315 136 145 245
316 136 170 226
317 136 158 226
318 136 136 310
319 136 136 310
320 136 158 0
321 137 153 318
322 137 153 318
323 137 162 90
324 137 144 90
325 138 151 181
326 138 155 181
327 138 190 86
328 138 156 86
329 138 163 167
330 138 190 167
331 138 160 148
332 138 150 148
333 138 145 99
334 138 165 99
335 138 163 0
336 139 139 132
337 139 139 132
338 139 169 97
339 139 170 97
340 140 144 287
341 140 146 287
342 140 141 336
343 140 141 336
344 140 154 266
345 140 190 266
346 142 142 342
347 142 142 342
348 143 143 346
349 143 143 346
350 143 176 154
351 143 145 154
352 143 164 79
353 143 165 79
354 144 164 348
355 144 166 348
356 145 159 241
357 145 158 241
358 145 147 269
359 145 146 269
360 145 165 324
361 145 169 324
362 145 190 52
363 145 145 52
364 145 149 282
365 145 149 282
366 146 148 315
367 146 147 315
368 146 165 333
369 146 164 333
370 146 147 205
371 146 156 205
372 146 170 0
373 146 165 0
374 147 147 359
375 147 149 359
376 147 165 124
377 147 153 124
378 148 149 374
379 148 163 374
380 148 148 165
381 148 148 165
382 148 170 302
383 148 158 302
384 148 154 370
385 148 154 370
386 149 149 11
387 149 149 11
388 149 149 380
389 149 149 380
390 149 164 366
391 149 164 366
392 150 163 378
393 150 176 378
394 150 151 386
395 150 151 386
396 150 150 388
397 150 150 388
398 150 150 365
399 150 150 365
400 150 150 73
401 150 150 73
402 151 151 396
403 151 151 396
404 151 158 398
405 151 165 398
406 151 151 401
407 151 151 401
408 151 163 75
409 151 164 75
410 152 167 325
411 152 167 325
412 152 152 394
413 152 152 394
414 152 152 402
415 152 152 402
416 152 190 406
417 152 165 406
418 152 152 278
419 152 152 278
420 152 157 111
421 152 157 111
422 153 158 412
423 153 162 412
424 153 153 414
425 153 153 414
426 153 153 418
427 153 153 418
428 154 164 7
429 154 165 7
430 154 175 424
431 154 164 424
432 154 190 321
433 154 190 321
434 154 154 153
435 154 176 153
436 154 154 426
437 154 154 426
438 154 181 322
439 154 190 322
440 155 165 242
441 155 160 242
442 155 182 344
443 155 155 344
444 155 168 384
445 155 156 384
446 155 155 434
447 155 155 434
448 155 158 436
449 155 190 436
450 155 166 110
451 155 190 110
452 155 169 234
453 155 169 234
454 156 156 298
455 156 156 298
456 156 169 326
457 156 160 326
458 156 190 102
459 156 158 102
460 156 180 50
461 156 164 50
462 156 156 446
463 156 156 446
464 156 158 274
465 156 158 274
466 156 167 118
467 156 176 118
468 156 167 227
469 156 173 227
470 157 164 454
471 157 164 454
472 157 157 328
473 157 157 328
474 157 157 463
475 157 157 463
476 157 165 371
477 157 165 371
478 158 162 186
479 158 163 186
480 158 160 472
481 158 160 472
482 158 165 474
483 158 190 474
484 158 162 421
485 158 162 421
486 159 160 422
487 159 179 422
488 159 162 314
489 159 165 314
490 159 160 317
491 159 162 317
492 159 161 31
493 159 166 31
494 159 190 308
495 159 159 308
496 159 190 404
497 159 168 404
498 159 161 309
499 159 162 309
500 159 164 464
501 159 164 464
502 159 190 448
503 159 169 448
504 159 166 104
505 159 167 104
506 159 163 0
507 160 160 356
508 160 160 356
509 160 160 190
510 160 166 190
511 160 160 194
512 160 160 194
513 161 161 486
514 161 166 486
515 161 163 457
516 161 161 457
517 161 161 507
518 161 163 507
519 161 162 509
520 161 162 509
521 161 184 490
522 161 164 490
523 161 167 202
524 161 163 202
525 161 162 247
526 161 165 247
527 161 162 480
528 161 190 480
529 161 161 511
530 161 161 511
531 161 170 143
532 161 166 143
533 161 162 155
534 161 169 155
535 161 161 119
536 161 167 119
537 162 168 243
538 162 177 243
539 162 168 513
540 162 190 513
541 162 181 516
542 162 190 516
543 162 164 517
544 162 162 517
545 162 175 492
546 162 190 492
547 162 162 529
548 162 162 529
549 162 170 230
550 162 190 230
551 162 190 150
552 162 174 150
553 162 165 215
554 162 169 215
555 162 176 177
556 162 190 177
557 163 166 237
558 163 165 237
559 163 190 488
560 163 164 488
561 163 177 423
562 163 171 423
563 163 165 491
564 163 166 491
565 163 163 525
566 163 163 525
567 163 164 478
568 163 190 478
569 163 190 527
570 163 169 527
571 163 170 547
572 163 170 547
573 163 165 283
574 163 164 283
575 163 165 533
576 163 165 533
577 163 164 196
578 163 164 196
579 163 173 499
580 163 164 499
581 163 165 323
582 163 186 323
583 163 165 520
584 163 167 520
585 163 167 219
586 163 163 219
587 163 176 484
588 163 165 484
589 163 163 112
590 163 163 112
591 164 168 392
592 164 166 392
593 164 164 479
594 164 164 479
595 164 166 506
596 164 164 506
597 164 164 38
598 164 164 38
599 164 167 183
600 164 164 183
601 164 169 518
602 164 167 518
603 164 167 515
604 164 167 515
605 164 190 566
606 164 164 566
607 164 170 250
608 164 176 250
609 164 170 180
610 164 168 180
611 164 182 24
612 164 167 24
613 164 164 68
614 164 164 68
615 164 164 408
616 164 164 408
617 164 165 590
618 164 165 590
619 165 165 6
620 165 169 6
621 165 167 244
622 165 177 244
623 165 190 431
624 165 165 431
625 165 165 593
626 165 165 593
627 165 174 290
628 165 190 290
629 165 165 560
630 165 167 560
631 165 170 471
632 165 169 471
633 165 190 390
634 165 174 390
635 165 165 597
636 165 190 597
637 165 166 522
638 165 190 522
639 165 171 596
640 165 170 596
641 165 166 461
642 165 190 461
643 165 165 574
644 165 171 574
645 165 166 613
646 165 166 613
647 165 165 577
648 165 165 577
649 165 167 147
650 165 168 147
651 165 170 615
652 165 173 615
653 165 166 409
654 165 167 409
655 165 170 352
656 165 165 352
657 165 167 600
658 165 165 600
659 165 167 543
660 165 167 543
661 165 166 500
662 165 190 500
663 165 165 100
664 165 165 100
665 165 166 0
666 166 166 619
667 166 168 619
668 166 190 658
669 166 167 658
670 166 190 15
671 166 166 15
672 166 169 625
673 166 166 625
674 166 169 581
675 166 190 581
676 166 170 489
677 166 174 489
678 166 166 558
679 166 166 558
680 166 167 635
681 166 169 635
682 166 190 9
683 166 166 9
684 166 169 526
685 166 190 526
686 166 167 368
687 166 190 368
688 166 182 106
689 166 169 106
690 166 171 643
691 166 166 643
692 166 173 224
693 166 190 224
694 166 167 193
695 166 190 193
696 166 171 575
697 166 174 575
698 166 173 553
699 166 190 553
700 166 166 647
701 166 166 647
702 166 166 71
703 166 166 71
704 166 168 417
705 166 168 417
706 166 166 576
707 166 167 576
708 166 176 85
709 166 170 85
710 166 168 563
711 166 190 563
712 166 166 624
713 166 167 624
714 166 168 405
715 166 190 405
716 166 174 476
717 166 168 476
718 166 190 440
719 166 169 440
720 166 169 334
721 166 169 334
722 166 166 663
723 166 166 663
724 166 190 353
725 166 167 353
726 166 168 588
727 166 168 588
728 166 168 618
729 166 190 618
730 166 169 222
731 166 182 222
732 166 176 0
733 166 169 0
734 167 170 235
735 167 167 235
736 167 173 557
737 167 167 557
738 167 167 679
739 167 168 679
740 167 167 666
741 167 168 666
742 167 178 712
743 167 190 712
744 167 169 671
745 167 176 671
746 167 167 673
747 167 190 673
748 167 167 665
749 167 167 665
750 167 170 595
751 167 176 595
752 167 169 514
753 167 190 514
754 167 167 493
755 167 167 493
756 167 171 564
757 167 169 564
758 167 169 683
759 167 170 683
760 167 190 263
761 167 167 263
762 167 190 641
763 167 170 641
764 167 168 691
765 167 171 691
766 167 169 653
767 167 169 653
768 167 167 706
769 167 167 706
770 167 169 702
771 167 173 702
772 167 190 271
773 167 168 271
774 167 177 701
775 167 177 701
776 167 190 646
777 167 179 646
778 167 171 504
779 167 190 504
780 167 167 722
781 167 167 722
782 167 190 450
783 167 190 450
784 167 190 255
785 167 190 255
786 167 167 0
787 168 170 735
788 168 169 735
789 168 169 740
790 168 169 740
791 168 170 737
792 168 173 737
793 168 170 410
794 168 184 410
795 168 169 612
796 168 169 612
797 168 168 599
798 168 168 599
799 168 172 761
800 168 169 761
801 168 169 738
802 168 169 738
803 168 168 621
804 168 178 621
805 168 190 669
806 168 168 669
807 168 169 746
808 168 174 746
809 168 190 630
810 168 171 630
811 168 171 680
812 168 182 680
813 168 173 659
814 168 171 659
815 168 168 754
816 168 168 754
817 168 170 603
818 168 181 603
819 168 190 505
820 168 190 505
821 168 168 265
822 168 168 265
823 168 170 249
824 168 170 249
825 168 172 694
826 168 184 694
827 168 173 251
828 168 168 251
829 168 190 768
830 168 169 768
831 168 190 649
832 168 190 649
833 168 180 654
834 168 185 654
835 168 174 725
836 168 182 725
837 168 169 466
838 168 169 466
839 168 169 749
840 168 169 749
841 168 173 585
842 168 170 585
843 168 169 780
844 168 190 780
845 168 174 707
846 168 168 707
847 169 190 236
848 169 187 236
849 169 190 797
850 169 190 797
851 169 190 591
852 169 175 591
853 169 169 803
854 169 169 803
855 169 169 741
856 169 190 741
857 169 169 739
858 169 169 739
859 169 190 537
860 169 171 537
861 169 169 815
862 169 169 815
863 169 169 828
864 169 169 828
865 169 173 44
866 169 182 44
867 169 171 764
868 169 171 764
869 169 169 497
870 169 179 497
871 169 169 444
872 169 176 444
873 169 169 773
874 169 169 773
875 169 171 650
876 169 180 650
877 169 173 705
878 169 169 705
879 169 190 710
880 169 174 710
881 169 169 714
882 169 175 714
883 169 170 726
884 169 176 726
885 169 169 728
886 169 170 728
887 169 172 822
888 169 169 822
889 169 178 0
890 169 178 0
891 169 177 0
892 170 173 855
893 170 175 855
894 170 173 858
895 170 190 858
896 170 187 796
897 170 182 796
898 170 171 790
899 170 171 790
900 170 170 802
901 170 190 802
902 170 190 570
903 170 190 570
904 170 171 854
905 170 171 854
906 170 172 261
907 170 172 261
908 170 190 807
909 170 181 807
910 170 171 632
911 170 173 632
912 170 182 674
913 170 190 674
914 170 190 456
915 170 179 456
916 170 181 800
917 170 174 800
918 170 190 752
919 170 190 752
920 170 184 672
921 170 174 672
922 170 170 684
923 170 170 684
924 170 170 534
925 170 190 534
926 170 174 888
927 170 184 888
928 170 170 689
929 170 170 689
930 170 187 871
931 170 190 871
932 170 170 229
933 170 174 229
934 170 173 210
935 170 190 210
936 170 171 681
937 170 190 681
938 170 182 720
939 170 176 720
940 170 190 830
941 170 179 830
942 170 190 554
943 170 190 554
944 170 173 873
945 170 190 873
946 170 190 878
947 170 176 878
948 170 176 864
949 170 174 864
950 170 170 152
951 170 190 152
952 170 170 837
953 170 170 837
954 170 174 757
955 170 174 757
956 170 176 839
957 170 190 839
958 170 186 881
959 170 190 881
960 170 190 862
961 170 176 862
962 170 176 126
963 170 176 126
964 170 170 843
965 170 170 843
966 170 171 730
967 170 171 730
968 170 172 221
969 170 172 221
970 170 190 452
971 170 190 452
972 170 184 0
973 170 170 0
974 171 171 734
975 171 171 734
976 171 190 793
977 171 173 793
978 171 187 900
979 171 188 900
980 171 175 631
981 171 171 631
982 171 190 676
983 171 190 676
984 171 171 750
985 171 171 750
986 171 190 817
987 171 190 817
988 171 171 922
989 171 171 922
990 171 190 759
991 171 190 759
992 171 173 929
993 171 190 929
994 171 190 824
995 171 171 824
996 171 190 158
997 171 180 158
998 171 171 571
999 171 171 571
1000 171 171 932
1001 171 180 932
1002 171 171 763
1003 171 171 763
1004 171 173 549
1005 171 173 549
1006 171 173 651
1007 171 180 651
1008 171 171 655
1009 171 171 655
1010 171 171 709
1011 171 176 709
1012 171 171 952
1013 171 171 952
1014 171 180 372
1015 171 186 372
1016 171 171 964
1017 171 171 964
1018 171 172 842
1019 171 172 842
1020 171 190 883
1021 171 173 883
1022 171 171 973
1023 171 190 973
1024 171 171 0
1025 172 172 975
1026 172 172 975
1027 172 173 898
1028 172 190 898
1029 172 172 860
1030 172 172 860
1031 172 172 904
1032 172 172 904
1033 172 172 910
1034 172 172 910
1035 172 176 810
1036 172 190 810
1037 172 178 984
1038 172 178 984
1039 172 173 280
1040 172 173 280
1041 172 185 811
1042 172 182 811
1043 172 190 562
1044 172 190 562
1045 172 172 988
1046 172 172 988
1047 172 190 756
1048 172 174 756
1049 172 173 37
1050 172 190 37
1051 172 189 179
1052 172 190 179
1053 172 185 1022
1054 172 190 1022
1055 172 190 995
1056 172 190 995
1057 172 186 867
1058 172 190 867
1059 172 190 998
1060 172 173 998
1061 172 174 1000
1062 172 173 1000
1063 172 190 1003
1064 172 190 1003
1065 172 174 644
1066 172 186 644
1067 172 180 51
1068 172 180 51
1069 172 182 875
1070 172 190 875
1071 172 190 696
1072 172 190 696
1073 172 176 1008
1074 172 190 1008
1075 172 182 1010
1076 172 182 1010
1077 172 172 1012
1078 172 172 1012
1079 172 190 1017
1080 172 190 1017
1081 172 190 966
1082 172 190 966
1083 172 190 0
1084 172 180 0
1085 173 174 1025
1086 173 173 1025
1087 173 190 906
1088 173 190 906
1089 173 190 799
1090 173 190 799
1091 173 190 1029
1092 173 179 1029
1093 173 173 1031
1094 173 173 1031
1095 173 173 1033
1096 173 173 1033
1097 173 173 1046
1098 173 173 1046
1099 173 180 968
1100 173 180 968
1101 173 176 1078
1102 173 176 1078
1103 173 176 1018
1104 173 190 1018
1105 173 179 887
1106 173 179 887
1107 174 174 1086
1108 174 179 1086
1109 174 174 736
1110 174 174 736
1111 174 184 977
1112 174 190 977
1113 174 182 1093
1114 174 182 1093
1115 174 174 813
1116 174 174 813
1117 174 175 911
1118 174 175 911
1119 174 175 1095
1120 174 177 1095
1121 174 174 1040
1122 174 174 1040
1123 174 174 1097
1124 174 174 1097
1125 174 175 865
1126 174 190 865
1127 174 174 692
1128 174 190 692
1129 174 190 212
1130 174 190 212
1131 174 174 1062
1132 174 174 1062
1133 174 177 469
1134 174 185 469
1135 174 190 934
1136 174 190 934
1137 174 190 827
1138 174 176 827
1139 174 174 1006
1140 174 174 1006
1141 174 176 698
1142 174 190 698
1143 174 190 877
1144 174 176 877
1145 174 190 841
1146 174 190 841
1147 174 179 1021
1148 174 179 1021
1149 174 178 992
1150 174 190 992
1151 174 177 0
1152 174 190 0
1153 175 175 1085
1154 175 175 1085
1155 175 178 1109
1156 175 178 1109
1157 175 175 1115
1158 175 175 1115
1159 175 190 808
1160 175 190 808
1161 175 176 627
1162 175 176 627
1163 175 177 677
1164 175 177 677
1165 175 190 1121
1166 175 190 1121
1167 175 183 949
1168 175 182 949
1169 175 175 1123
1170 175 175 1123
1171 175 175 926
1172 175 190 926
1173 175 190 1065
1174 175 190 1065
1175 175 190 1127
1176 175 190 1127
1177 175 190 1131
1178 175 190 1131
1179 175 190 1061
1180 175 182 1061
1181 175 175 1139
1182 175 175 1139
1183 175 190 835
1184 175 190 835
1185 175 190 552
1186 175 190 552
1187 175 190 921
1188 175 190 921
1189 175 190 1048
1190 175 190 1048
1191 175 190 955
1192 175 190 955
1193 176 177 1118
1194 176 190 1118
1195 176 179 1154
1196 176 190 1154
1197 176 190 893
1198 176 177 893
1199 176 177 1119
1200 176 177 1119
1201 176 176 852
1202 176 176 852
1203 176 176 1158
1204 176 176 1158
1205 176 190 545
1206 176 190 545
1207 176 176 1169
1208 176 176 1169
1209 176 190 1171
1210 176 190 1171
1211 176 190 1125
1212 176 180 1125
1213 176 190 882
1214 176 190 882
1215 176 177 1181
1216 176 177 1181
1217 176 176 258
1218 176 176 258
1219 177 177 1204
1220 177 177 1204
1221 177 190 745
1222 177 190 745
1223 177 177 1161
1224 177 177 1161
1225 177 177 1201
1226 177 177 1201
1227 177 177 1207
1228 177 177 1207
1229 177 190 608
1230 177 177 608
1231 177 178 732
1232 177 178 732
1233 177 190 872
1234 177 190 872
1235 177 190 939
1236 177 190 939
1237 177 190 1141
1238 177 190 1141
1239 177 190 350
1240 177 190 350
1241 177 190 1144
1242 177 190 1144
1243 177 181 435
1244 177 180 435
1245 177 177 1101
1246 177 177 1101
1247 177 180 393
1248 177 180 393
1249 177 190 961
1250 177 190 961
1251 177 177 962
1252 177 190 962
1253 177 190 948
1254 177 190 948
1255 177 190 884
1256 177 190 884
1257 177 177 1217
1258 177 177 1217
1259 177 190 555
1260 177 190 555
1261 177 190 1011
1262 177 190 1011
1263 177 190 0
1264 178 190 1193
1265 178 190 1193
1266 178 178 1219
1267 178 178 1219
1268 178 178 1223
1269 178 178 1223
1270 178 178 1200
1271 178 178 1200
1272 178 190 1199
1273 178 190 1199
1274 178 190 1164
1275 178 190 1164
1276 178 190 1225
1277 178 190 1225
1278 178 178 1151
1279 178 178 1151
1280 178 178 538
1281 178 178 538
1282 178 178 1227
1283 178 178 1227
1284 178 178 1133
1285 178 178 1133
1286 178 178 1258
1287 178 178 1258
1288 178 190 1215
1289 178 180 1215
1290 178 190 775
1291 178 190 775
1292 178 178 1245
1293 178 178 1245
1294 178 190 1251
1295 178 190 1251
1296 178 179 0
1297 179 190 1155
1298 179 190 1155
1299 179 190 889
1300 179 190 889
1301 179 179 804
1302 179 190 804
1303 179 182 1281
1304 179 182 1281
1305 179 179 1266
1306 179 179 1266
1307 179 179 1268
1308 179 179 1268
1309 179 179 1270
1310 179 179 1270
1311 179 179 1038
1312 179 179 1038
1313 179 179 1282
1314 179 179 1282
1315 179 181 1232
1316 179 181 1232
1317 179 182 890
1318 179 180 890
1319 179 190 1286
1320 179 190 1286
1321 179 179 1292
1322 179 179 1292
1323 179 190 1279
1324 179 190 1279
1325 179 184 1285
1326 179 185 1285
1327 179 182 1149
1328 179 190 1149
1329 179 190 0
1330 180 180 1195
1331 180 180 1195
1332 180 190 1296
1333 180 190 1296
1334 180 181 1301
1335 180 181 1301
1336 180 180 1305
1337 180 180 1305
1338 180 180 1307
1339 180 180 1307
1340 180 183 1309
1341 180 183 1309
1342 180 180 1311
1343 180 180 1311
1344 180 180 1313
1345 180 180 1313
1346 180 190 487
1347 180 190 487
1348 180 187 870
1349 180 190 870
1350 180 187 941
1351 180 187 941
1352 180 190 1321
1353 180 190 1321
1354 180 190 1148
1355 180 190 1148
1356 180 182 1106
1357 180 184 1106
1358 181 181 1330
1359 181 181 1330
1360 181 190 1336
1361 181 190 1336
1362 181 190 1338
1363 181 190 1338
1364 181 181 1342
1365 181 181 1342
1366 181 181 1344
1367 181 181 1344
1368 181 190 101
1369 181 181 101
1370 181 190 1212
1371 181 190 1212
1372 181 190 460
1373 181 190 460
1374 181 190 1068
1375 181 190 1068
1376 181 181 997
1377 181 181 997
1378 181 181 1318
1379 181 181 1318
1380 181 181 833
1381 181 181 833
1382 181 190 1007
1383 181 190 1007
1384 181 181 1099
1385 181 181 1099
1386 181 186 1247
1387 181 189 1247
1388 181 190 0
1389 182 182 1358
1390 182 182 1358
1391 182 184 1335
1392 182 184 1335
1393 182 185 185
1394 182 190 185
1395 182 190 909
1396 182 190 909
1397 182 190 1364
1398 182 190 1364
1399 182 190 541
1400 182 190 541
1401 182 182 1367
1402 182 182 1367
1403 182 183 1376
1404 182 183 1376
1405 182 190 1315
1406 182 190 1315
1407 182 182 1378
1408 182 182 1378
1409 182 190 1380
1410 182 185 1380
1411 182 182 1243
1412 182 182 1243
1413 182 182 1385
1414 182 182 1385
1415 182 182 438
1416 182 190 438
1417 182 190 109
1418 182 190 109
1419 183 183 1389
1420 183 183 1389
1421 183 183 1303
1422 183 183 1303
1423 183 190 1114
1424 183 190 1114
1425 183 190 912
1426 183 190 912
1427 183 190 1042
1428 183 190 1042
1429 183 190 1401
1430 183 190 1401
1431 183 190 442
1432 183 190 442
1433 183 183 228
1434 183 183 228
1435 183 183 1407
1436 183 183 1407
1437 183 190 1180
1438 183 190 1180
1439 183 184 897
1440 183 184 897
1441 183 183 1069
1442 183 183 1069
1443 183 184 1168
1444 183 183 1168
1445 183 190 731
1446 183 190 731
1447 183 190 866
1448 183 190 866
1449 183 190 1076
1450 183 190 1076
1451 183 190 1411
1452 183 190 1411
1453 183 183 1413
1454 183 183 1413
1455 183 189 0
1456 183 190 0
1457 183 184 0
1458 184 184 1419
1459 184 184 1419
1460 184 190 1421
1461 184 190 1421
1462 184 190 1340
1463 184 190 1340
1464 184 184 1167
1465 184 190 1167
1466 184 184 1403
1467 184 184 1403
1468 184 184 1433
1469 184 184 1433
1470 184 190 1436
1471 184 190 1436
1472 184 190 1441
1473 184 190 1441
1474 184 184 1453
1475 184 184 1453
1476 185 185 1458
1477 185 185 1458
1478 185 186 1111
1479 185 186 1111
1480 185 190 1391
1481 185 188 1391
1482 185 185 920
1483 185 185 920
1484 185 185 1464
1485 185 185 1464
1486 185 185 307
1487 185 185 307
1488 185 185 1466
1489 185 185 1466
1490 185 185 1468
1491 185 185 1468
1492 185 185 927
1493 185 185 927
1494 185 190 826
1495 185 185 826
1496 185 190 1439
1497 185 190 1439
1498 185 185 1474
1499 185 185 1474
1500 185 185 1457
1501 185 185 1457
1502 186 186 1477
1503 186 186 1477
1504 186 186 1041
1505 186 186 1041
1506 186 186 1482
1507 186 186 1482
1508 186 186 1484
1509 186 186 1484
1510 186 190 1053
1511 186 190 1053
1512 186 186 1486
1513 186 186 1486
1514 186 190 1488
1515 186 190 1488
1516 186 186 1491
1517 186 186 1491
1518 186 190 1492
1519 186 190 1492
1520 186 190 1326
1521 186 190 1326
1522 186 186 834
1523 186 186 834
1524 186 190 1498
1525 186 190 1498
1526 186 190 1495
1527 186 190 1495
1528 186 186 1501
1529 186 186 1501
1530 187 187 1502
1531 187 187 1502
1532 187 190 1478
1533 187 187 1478
1534 187 190 1504
1535 187 190 1504
1536 187 187 1506
1537 187 187 1506
1538 187 190 1508
1539 187 190 1508
1540 187 187 1512
1541 187 187 1512
1542 187 187 1517
1543 187 187 1517
1544 187 187 1057
1545 187 187 1057
1546 187 187 1015
1547 187 187 1015
1548 187 187 1522
1549 187 187 1522
1550 187 189 1386
1551 187 190 1386
1552 187 190 1528
1553 187 190 1528
1554 188 188 1530
1555 188 188 1530
1556 188 190 848
1557 188 190 848
1558 188 188 1533
1559 188 188 1533
1560 188 188 1536
1561 188 188 1536
1562 188 188 1540
1563 188 188 1540
1564 188 188 1543
1565 188 188 1543
1566 188 190 1544
1567 188 190 1544
1568 188 190 1546
1569 188 190 1546
1570 188 189 1348
1571 188 189 1348
1572 188 188 1548
1573 188 188 1548
1574 188 188 1350
1575 188 188 1350
1576 189 189 1554
1577 189 189 1554
1578 189 189 1558
1579 189 189 1558
1580 189 190 979
1581 189 190 979
1582 189 189 1560
1583 189 189 1560
1584 189 189 1562
1585 189 189 1562
1586 189 189 1564
1587 189 189 1564
1588 189 189 1574
1589 189 189 1574
1590 189 190 1573
1591 189 190 1573
1592 190 190 1576
1593 190 190 1576
1594 190 190 1579
1595 190 190 1579
1596 190 190 1582
1597 190 190 1582
1598 190 190 1584
1599 190 190 1584
1600 190 190 1586
1601 190 190 1586
1602 190 190 1571
1603 190 190 1571
1604 190 190 1588
1605 190 190 1588
1606 190 190 1387
1607 190 190 1387
1608 190 190 1455
1609 190 190 1455
1610 190 190 0
