1 120 121 0
2 120 121 0
3 120 122 0
4 120 120 0
5 120 121 0
6 120 122 0
7 120 125 0
8 120 125 0
9 120 124 0
10 120 125 0
11 120 121 0
12 120 125 0
13 120 121 0
14 120 121 0
15 120 125 0
16 120 121 0
17 120 125 0
18 120 120 0
19 120 123 0
20 120 122 0
21 120 123 0
22 120 122 0
23 120 125 0
24 120 125 0
25 120 123 0
26 120 120 0
27 120 123 0
28 120 125 0
29 120 121 0
30 120 124 0
31 120 123 0
32 120 125 0
33 120 122 0
34 120 123 0
35 120 125 0
36 120 125 0
37 120 124 0
38 120 121 0
39 120 125 0
40 120 124 0
41 120 124 0
42 120 122 0
43 120 125 0
44 120 125 0
45 120 125 0
46 120 120 0
47 120 123 0
48 120 122 0
49 120 125 0
50 120 125 0
51 120 123 0
52 120 125 0
53 120 120 0
54 120 125 0
55 120 125 0
56 120 120 0
57 120 121 0
58 120 123 0
59 120 121 0
60 120 121 0
61 120 122 0
62 120 125 0
63 120 125 0
64 120 124 0
65 120 125 0
66 120 122 0
67 120 122 0
68 120 122 0
69 120 121 0
70 120 124 0
71 120 125 0
72 120 122 0
73 120 125 0
74 120 125 0
75 120 125 0
76 120 125 0
77 120 125 0
78 120 125 0
79 120 125 0
80 120 125 0
81 120 124 0
82 120 125 0
83 120 125 0
84 120 125 0
85 120 120 0
86 120 124 0
87 120 125 0
88 120 125 0
89 120 121 0
90 120 124 0
91 120 123 0
92 120 125 0
93 120 125 0
94 120 121 0
95 120 120 0
96 120 124 0
97 120 125 0
98 120 123 0
99 120 124 0
100 120 121 0
101 120 125 0
102 120 122 0
103 120 125 0
104 120 120 0
105 120 122 0
106 120 125 0
107 120 120 0
108 120 120 0
109 120 124 0
110 120 125 0
111 120 125 0
112 120 121 0
113 120 125 0
114 120 121 0
115 120 125 0
116 120 125 0
117 120 120 0
118 120 125 0
119 120 122 0
120 120 121 0
121 120 125 0
122 120 120 0
123 120 122 0
124 120 125 0
125 120 121 0
126 121 121 4
127 121 124 4
128 121 121 18
129 121 125 18
130 121 124 26
131 121 122 26
132 121 121 46
133 121 123 46
134 121 121 53
135 121 125 53
136 121 121 56
137 121 121 56
138 121 123 85
139 121 121 85
140 121 125 95
141 121 121 95
142 121 121 104
143 121 125 104
144 121 122 107
145 121 125 107
146 121 125 108
147 121 125 108
148 121 123 117
149 121 125 117
150 121 125 122
151 121 124 122
152 121 125 0
153 121 125 0
154 121 125 0
155 121 124 0
156 121 122 0
157 121 121 0
158 121 125 0
159 122 125 2
160 122 123 2
161 122 122 14
162 122 125 14
163 122 122 5
164 122 125 5
165 122 122 11
166 122 125 11
167 122 122 16
168 122 125 16
169 122 123 29
170 122 125 29
171 122 124 128
172 122 124 128
173 122 122 57
174 122 122 57
175 122 125 59
176 122 122 59
177 122 123 69
178 122 125 69
179 122 125 157
180 122 122 157
181 122 122 114
182 122 125 114
183 122 125 120
184 122 122 120
185 122 125 0
186 122 123 0
187 122 125 0
188 122 125 0
189 122 125 0
190 122 124 0
191 122 124 0
192 122 125 0
193 122 125 0
194 122 124 0
195 122 122 0
196 122 125 0
197 122 125 0
198 122 124 0
199 123 125 6
200 123 125 6
201 123 125 22
202 123 123 22
203 123 123 161
204 123 124 161
205 123 125 20
206 123 123 20
207 123 125 42
208 123 123 42
209 123 125 48
210 123 125 48
211 123 124 67
212 123 123 67
213 123 125 61
214 123 123 61
215 123 123 72
216 123 125 72
217 123 124 195
218 123 125 195
219 123 123 66
220 123 125 66
221 123 125 180
222 123 123 180
223 123 123 144
224 123 125 144
225 123 123 119
226 123 125 119
227 123 124 123
228 123 125 123
229 123 123 0
230 123 125 0
231 123 124 0
232 123 125 0
233 123 124 0
234 123 125 0
235 123 125 0
236 123 125 0
237 123 125 0
238 123 125 0
239 123 125 0
240 123 125 0
241 124 125 0
242 124 125 25
243 124 124 25
244 124 124 34
245 124 125 34
246 124 125 31
247 124 124 31
248 124 125 47
249 124 124 47
250 124 125 21
251 124 124 21
252 124 124 19
253 124 125 19
254 124 124 51
255 124 124 51
256 124 125 133
257 124 124 133
258 124 124 138
259 124 125 138
260 124 125 91
261 124 124 91
262 124 125 98
263 124 124 98
264 124 125 148
265 124 124 148
266 124 125 0
267 124 125 0
268 124 125 0
269 124 125 0
270 124 125 0
271 124 125 0
272 124 125 0
273 125 125 0
274 125 125 127
275 125 125 127
276 125 125 9
277 125 125 9
278 125 125 233
279 125 125 233
280 125 125 130
281 125 125 130
282 125 125 204
283 125 125 204
284 125 125 171
285 125 125 171
286 125 125 40
287 125 125 40
288 125 125 190
289 125 125 190
290 125 125 211
291 125 125 211
292 125 125 70
293 125 125 70
294 125 125 194
295 125 125 194
296 125 125 261
297 125 125 261
298 125 125 86
299 125 125 86
300 125 125 81
301 125 125 81
302 125 125 155
303 125 125 155
304 125 125 109
305 125 125 109
306 125 125 96
307 125 125 96
308 125 125 198
309 125 125 198
