1 0 85 0
2 0 4 0
3 0 5 0
4 0 4 0
5 4 4 0
6 4 4 0
7 5 87 6
8 5 34 6
10 5 34 0
12 5 34 0
13 6 6 0
15 7 96 13
16 7 194 13
24 11 28 0
28 18 34 0
30 18 59 0
32 19 123 0
34 19 121 0
41 24 44 0
42 25 194 0
43 29 51 0
44 29 112 0
46 35 88 0
47 35 65 0
48 35 169 28
49 35 123 28
50 35 194 0
51 35 59 0
53 35 59 0
54 35 194 0
56 35 194 0
57 35 89 0
58 35 194 0
59 35 168 0
60 35 58 0
66 45 132 0
67 45 97 0
68 45 100 0
69 52 126 0
70 52 194 0
72 52 81 0
73 58 84 0
75 58 180 0
76 59 119 0
77 59 164 0
78 59 117 0
79 59 86 0
81 59 126 0
83 59 85 0
84 59 194 0
86 59 194 0
88 60 165 53
89 60 130 53
90 60 86 0
91 60 124 0
92 60 87 0
94 60 87 0
97 60 122 0
98 60 194 0
100 60 88 0
101 61 87 0
103 61 194 0
105 64 181 0
106 66 194 47
107 66 194 47
108 68 194 0
109 69 194 0
112 70 194 0
114 71 194 0
115 80 110 0
117 80 194 0
118 82 194 72
119 82 121 72
120 84 164 0
122 85 119 0
123 85 159 0
124 85 118 0
126 85 117 0
127 85 194 0
128 85 169 0
129 86 194 0
130 86 120 0
131 86 168 0
132 86 194 0
133 86 121 0
134 86 194 0
136 86 194 0
138 86 121 0
140 86 194 0
143 87 160 79
144 87 170 79
145 87 120 90
146 87 119 90
147 87 118 0
148 87 122 0
149 87 194 0
151 87 194 0
153 87 164 0
155 87 125 0
156 87 194 0
157 87 194 0
159 88 194 94
160 88 163 94
161 88 122 92
162 88 194 92
163 88 182 101
164 88 174 101
165 88 194 0
166 88 194 0
168 88 164 0
169 89 124 100
170 89 167 100
171 89 125 0
172 89 194 0
173 89 194 0
175 89 175 0
177 89 126 0
178 90 194 57
179 90 129 57
180 97 194 0
181 97 126 0
182 97 126 0
185 98 194 0
186 98 194 0
187 98 138 0
188 99 129 0
189 101 137 0
190 101 182 0
191 101 145 0
192 102 194 0
194 103 171 0
197 105 194 0
198 106 194 0
201 106 194 0
202 108 194 0
203 109 126 0
205 111 154 115
206 111 194 115
207 112 194 0
208 113 194 0
209 113 194 0
213 115 162 0
216 117 153 0
218 117 194 0
219 118 158 0
220 118 157 0
221 118 194 126
222 118 166 126
223 118 194 0
224 119 194 124
225 119 194 124
226 119 119 147
227 119 161 147
229 119 194 0
230 119 168 0
231 119 194 0
232 120 194 0
233 120 194 0
234 120 194 76
235 120 194 76
236 120 161 122
237 120 162 122
238 120 165 146
239 120 165 146
240 120 161 226
241 120 194 226
245 120 165 0
247 120 162 0
250 120 194 0
251 120 163 0
253 120 194 0
254 121 160 0
255 121 194 0
256 121 194 0
257 121 194 0
258 121 194 0
259 121 167 0
260 121 173 145
261 121 194 145
262 121 122 0
266 121 163 0
268 121 194 0
274 121 194 0
275 121 165 0
276 121 168 0
280 122 194 119
281 122 171 119
282 122 194 138
283 122 194 138
284 122 165 0
285 122 172 0
286 122 194 133
287 122 194 133
289 122 194 0
292 122 166 0
295 123 164 0
296 123 170 0
297 123 194 0
298 123 194 0
299 123 169 0
300 123 123 0
301 123 166 0
304 123 194 0
305 123 123 0
308 123 194 0
309 124 173 0
310 124 194 0
311 124 194 0
312 124 194 0
313 124 173 300
314 124 194 300
315 124 194 0
316 124 194 0
318 124 125 0
321 124 167 0
322 125 170 169
323 125 170 169
324 125 194 91
325 125 165 91
326 125 194 0
328 125 194 0
329 126 126 155
330 126 194 155
331 126 171 0
332 126 171 0
335 126 194 0
336 127 169 182
337 127 167 182
338 127 174 177
339 127 194 177
340 127 169 181
341 127 194 181
342 127 173 69
343 127 194 69
344 127 194 0
345 127 174 0
346 127 194 0
347 127 170 0
350 129 194 0
351 129 179 0
353 129 185 0
355 129 174 0
356 129 194 0
358 129 194 0
359 130 194 188
360 130 194 188
361 130 194 179
362 130 194 179
364 131 194 0
365 131 194 0
367 131 194 0
368 132 194 0
369 133 194 0
370 133 189 0
373 135 194 0
374 136 194 0
376 137 194 0
377 138 181 189
378 138 194 189
380 138 194 0
381 139 194 187
382 139 194 187
383 143 194 0
384 145 158 0
386 146 194 191
387 146 194 191
389 146 194 0
390 147 194 0
392 148 194 0
393 152 194 0
394 154 194 0
395 154 169 0
396 154 194 0
397 155 194 205
398 155 194 205
399 155 194 0
401 156 161 0
403 156 194 0
404 156 194 0
405 158 194 220
406 158 194 220
407 159 194 384
408 159 194 384
409 159 194 219
410 159 194 219
411 159 194 0
413 159 194 0
415 160 194 123
416 160 194 123
417 161 194 0
418 161 194 0
419 161 194 0
420 161 194 0
422 161 194 0
425 161 194 0
427 161 194 0
428 162 194 0
429 162 166 0
430 162 194 227
431 162 194 227
432 162 194 240
433 162 194 240
434 162 194 0
436 162 194 0
437 163 194 237
438 163 194 237
439 163 194 213
440 163 194 213
441 163 163 0
442 163 194 0
443 163 194 0
444 163 194 0
446 163 194 0
447 163 194 0
449 163 194 0
450 163 176 0
451 163 176 0
453 163 194 0
454 163 194 0
455 164 194 0
456 164 194 0
457 164 194 266
458 164 194 266
459 164 194 0
460 164 194 0
461 164 194 441
462 164 194 441
463 164 167 0
469 165 194 0
470 165 194 0
471 165 194 0
472 165 194 0
473 165 194 295
474 165 194 295
475 165 194 0
476 165 194 0
479 165 194 0
483 165 194 0
485 165 194 0
486 165 194 0
487 165 194 0
488 166 194 284
489 166 194 284
490 166 194 275
491 166 166 275
492 166 194 239
493 166 194 239
494 166 194 0
495 166 169 0
496 166 194 245
497 166 194 245
498 166 194 238
499 166 194 238
500 166 194 0
501 166 194 0
502 166 194 0
503 166 194 0
504 166 169 0
505 166 194 0
510 166 194 0
511 166 194 0
512 166 194 0
515 166 194 0
516 166 194 0
517 167 194 0
518 167 194 0
519 167 168 301
520 167 194 301
521 167 194 0
522 167 194 0
523 167 194 0
528 167 194 0
530 167 194 0
533 167 194 0
535 167 194 0
537 167 194 0
538 167 194 0
539 167 194 0
540 167 194 0
541 167 194 0
542 167 194 0
543 168 194 0
544 168 194 0
545 168 194 170
546 168 194 170
547 168 194 259
548 168 194 259
549 168 194 0
550 168 194 0
551 168 194 321
552 168 194 321
553 168 194 337
554 168 194 337
559 168 194 0
561 168 169 0
562 168 194 0
565 169 194 276
566 169 194 276
567 169 194 230
568 169 194 230
569 169 194 131
570 169 194 131
571 169 194 0
572 169 169 0
573 169 169 519
574 169 169 519
577 169 194 0
579 169 194 0
583 169 169 0
585 169 194 0
586 170 194 504
587 170 194 504
588 170 194 0
589 170 194 0
590 170 194 0
591 170 194 0
592 170 194 572
593 170 194 572
594 170 194 495
595 170 194 495
596 170 194 573
597 170 194 573
598 170 194 336
599 170 194 336
600 170 173 395
601 170 194 395
602 170 194 583
603 170 194 583
605 170 194 0
606 170 194 0
610 170 170 0
613 170 194 0
616 170 194 0
619 170 194 0
620 170 194 0
622 171 171 323
623 171 194 323
624 171 194 0
625 171 194 0
626 171 194 0
627 171 194 0
628 171 194 347
629 171 194 347
630 171 194 322
631 171 194 322
632 171 194 0
633 171 194 0
638 171 194 0
642 172 194 0
643 172 178 0
644 172 194 622
645 172 194 622
646 172 194 331
647 172 194 331
648 172 194 281
649 172 194 281
650 172 172 0
651 172 194 0
652 172 194 0
653 172 194 0
655 172 194 0
657 172 194 0
659 172 194 0
661 173 194 285
662 173 194 285
663 173 173 0
667 174 194 313
668 174 194 313
669 174 194 309
670 174 194 309
671 174 194 342
672 174 194 342
673 174 194 0
674 174 194 0
675 174 194 0
676 174 194 0
680 174 194 0
682 174 194 0
683 174 194 0
684 175 194 0
685 175 194 0
686 175 194 338
687 175 194 338
688 175 194 355
689 175 194 355
690 175 194 345
691 175 194 345
693 175 194 0
694 176 194 0
695 176 194 0
696 176 194 0
697 176 194 0
699 176 194 0
700 176 194 0
701 177 194 451
702 177 194 451
703 177 194 0
704 177 194 0
705 177 194 0
706 177 194 0
707 177 194 0
710 177 194 0
712 178 194 0
714 178 194 0
715 179 194 643
716 179 194 643
717 179 194 0
718 179 194 0
721 179 194 0
722 180 194 351
723 180 194 351
724 180 194 0
726 181 194 0
727 181 194 0
730 181 194 0
731 182 194 377
732 182 194 377
733 182 194 0
734 182 194 0
736 183 194 0
737 183 194 0
738 183 194 0
739 183 194 0
742 183 194 0
743 183 194 0
745 185 194 0
746 186 194 353
747 186 194 353
748 186 194 0
750 190 194 0
751 190 194 0
752 192 194 0
753 192 194 0
