1 120 120 0
2 120 124 0
3 120 121 0
4 120 124 0
5 120 121 0
6 120 124 0
7 120 124 0
8 120 122 0
9 120 124 0
10 120 121 0
11 120 123 0
12 120 124 0
13 120 121 0
14 120 124 0
15 120 120 0
16 120 124 0
17 120 124 0
18 120 130 0
19 120 125 0
20 120 124 0
21 120 124 0
22 120 124 0
23 120 124 0
24 120 120 0
25 120 120 0
26 120 124 0
27 120 120 0
28 120 124 0
29 120 124 0
30 120 120 0
31 120 124 0
32 120 120 0
33 120 120 0
34 120 124 0
35 120 124 0
36 120 124 0
37 120 124 0
38 120 122 0
39 120 124 0
40 120 120 0
41 120 124 0
42 120 123 0
43 120 121 0
44 120 122 0
45 120 120 0
46 120 122 0
47 120 124 0
48 120 125 0
49 120 124 0
50 120 122 0
51 120 124 0
52 120 121 0
53 120 123 0
54 120 122 0
55 120 124 0
56 120 121 0
57 120 124 0
58 120 129 0
59 120 124 0
60 120 124 0
61 120 120 0
62 120 120 0
63 120 121 0
64 120 120 0
65 120 120 0
66 120 124 0
67 120 125 0
68 120 120 0
69 120 124 0
70 120 130 0
71 120 124 0
72 120 120 0
73 120 121 0
74 120 124 0
75 120 124 0
76 120 120 0
77 120 124 0
78 120 123 0
79 120 122 0
80 120 122 0
81 120 121 0
82 120 121 0
83 120 121 0
84 120 124 0
85 120 129 0
86 120 124 0
87 120 122 0
88 120 120 0
89 120 124 0
90 120 120 0
91 120 124 0
92 120 121 0
93 120 124 0
94 120 120 0
95 120 120 0
96 120 124 0
97 120 124 0
98 120 124 0
99 120 120 0
100 120 123 0
101 120 120 0
102 120 124 0
103 120 121 0
104 120 120 0
105 120 121 0
106 120 125 0
107 120 124 0
108 120 124 0
109 120 124 0
110 120 124 0
111 120 124 0
112 120 124 0
113 120 124 0
114 120 124 0
115 120 120 0
116 120 124 0
117 120 120 0
118 120 124 0
119 120 120 0
120 120 123 0
121 120 129 0
122 120 123 0
123 120 124 0
124 120 124 0
125 120 123 0
126 120 120 0
127 120 120 0
128 120 124 0
129 120 129 0
130 120 120 0
131 120 125 0
132 120 120 0
133 120 124 0
134 120 129 0
135 120 124 0
136 120 124 0
137 120 122 0
138 121 123 0
139 121 125 0
140 121 125 0
141 121 125 0
142 121 130 0
143 121 121 0
144 121 122 0
145 121 125 0
146 121 122 0
147 121 121 0
148 121 122 0
149 121 121 0
150 121 122 0
151 121 125 0
152 121 130 0
153 121 121 0
154 121 124 0
155 121 127 0
156 121 122 0
157 121 124 0
158 121 130 0
159 121 124 0
160 121 121 0
161 121 122 0
162 121 122 0
163 121 121 0
164 121 125 0
165 121 125 0
166 121 122 0
167 121 123 0
168 121 125 0
169 121 125 0
170 121 125 0
171 121 123 0
172 121 128 0
173 121 125 0
174 121 121 0
175 121 121 0
176 121 125 0
177 121 123 0
178 121 125 0
179 121 125 0
180 121 121 0
181 121 125 0
182 121 125 0
183 121 121 0
184 122 129 0
185 122 123 0
186 122 126 0
187 122 126 0
188 122 122 0
189 122 122 0
190 122 130 0
191 122 126 0
192 122 122 0
193 122 122 0
194 122 122 0
195 122 126 0
196 122 128 0
197 122 122 0
198 122 126 0
199 122 122 0
200 122 126 0
201 122 122 0
202 122 122 0
203 122 130 0
204 122 123 0
205 122 122 0
206 122 122 0
207 122 122 0
208 122 124 0
209 122 122 0
210 122 126 0
211 123 128 0
212 123 129 0
213 123 127 0
214 123 127 0
215 123 123 0
216 123 127 0
217 123 128 0
218 123 130 0
219 123 123 0
220 123 124 0
221 123 123 0
222 123 127 0
223 123 124 0
224 123 123 0
225 123 125 0
226 123 123 0
227 123 127 0
228 123 127 0
229 123 127 0
230 123 123 0
231 123 123 0
232 123 127 0
233 123 123 0
234 123 123 0
235 123 124 0
236 123 130 0
237 123 124 0
238 123 124 0
239 123 127 0
240 123 130 0
241 123 127 0
242 123 123 0
243 123 123 0
244 123 127 0
245 123 123 0
246 123 123 0
247 123 127 0
248 123 130 0
249 123 123 0
250 124 129 0
251 124 127 0
252 124 127 0
253 124 124 0
254 124 124 0
255 124 126 0
256 124 130 0
257 124 124 0
258 124 128 0
259 124 124 0
260 124 128 0
261 124 128 0
262 124 128 0
263 124 124 0
264 124 126 0
265 124 124 0
266 124 128 0
267 124 126 0
268 124 124 0
269 124 124 0
270 124 125 0
271 124 124 0
272 124 124 0
273 124 124 0
274 124 128 0
275 124 125 0
276 124 128 0
277 124 130 0
278 124 124 0
279 124 126 0
280 124 125 0
281 124 124 0
282 124 128 0
283 124 124 0
284 124 124 0
285 124 127 0
286 124 124 0
287 124 124 0
288 124 130 0
289 124 127 0
290 124 124 0
291 124 124 0
292 125 130 0
293 125 125 0
294 125 129 0
295 125 130 0
296 125 129 0
297 125 129 0
298 125 126 0
299 125 129 0
300 125 125 0
301 125 129 0
302 125 130 0
303 125 129 0
304 125 129 0
305 125 129 0
306 125 129 0
307 125 129 0
308 125 129 0
309 125 129 0
310 125 129 0
311 125 130 0
312 125 129 0
313 125 129 0
314 125 127 0
315 125 129 0
316 125 125 0
317 125 129 0
318 125 129 0
319 125 128 0
320 125 126 0
321 125 129 0
322 125 129 0
323 125 129 0
324 125 127 0
325 125 127 0
326 125 129 0
327 125 129 0
328 125 129 0
329 125 129 0
330 125 129 0
331 125 129 0
332 125 129 0
333 125 129 0
334 125 125 0
335 125 130 0
336 125 129 0
337 125 128 0
338 125 129 0
339 125 125 0
340 125 129 0
341 125 129 0
342 125 129 0
343 125 127 0
344 125 127 0
345 125 129 0
346 125 129 0
347 125 129 0
348 125 125 0
349 125 125 0
350 125 125 0
351 125 130 0
352 125 125 0
353 125 129 0
354 125 129 0
355 125 127 0
356 125 125 0
357 125 129 0
358 125 127 0
359 125 129 0
360 125 130 0
361 125 125 0
362 125 130 0
363 125 128 0
364 125 129 0
365 125 125 0
366 125 129 0
367 125 125 0
368 125 129 0
369 125 128 0
370 125 125 0
371 125 129 0
372 125 129 0
373 125 127 0
374 126 130 0
375 126 130 0
376 126 128 0
377 126 130 0
378 126 130 0
379 126 130 0
380 126 130 0
381 126 126 0
382 126 130 0
383 126 130 0
384 126 130 0
385 126 126 0
386 126 130 0
387 126 130 0
388 126 130 0
389 126 128 0
390 126 126 0
391 126 130 0
392 126 126 0
393 126 126 0
394 126 130 0
395 126 130 0
396 126 130 0
397 126 126 0
398 126 130 0
399 126 127 0
400 126 126 0
401 126 128 0
402 126 127 0
403 126 126 0
404 126 130 0
405 126 126 0
406 126 130 0
407 126 130 0
408 126 126 0
409 126 130 0
410 126 130 0
411 126 126 0
412 126 126 0
413 126 130 0
414 126 126 0
415 126 126 0
416 126 126 0
417 126 126 0
418 126 130 0
419 126 130 0
420 126 130 0
421 126 127 0
422 126 126 0
423 126 130 0
424 126 130 0
425 127 130 0
426 127 128 0
427 127 130 0
428 127 130 0
429 127 130 0
430 127 129 0
431 127 130 0
432 127 130 0
433 127 130 0
434 127 130 0
435 127 127 0
436 127 130 0
437 127 130 0
438 127 129 0
439 127 128 0
440 127 130 0
441 127 130 0
442 127 128 0
443 127 130 0
444 127 129 0
445 127 130 0
446 127 130 0
447 127 128 0
448 127 127 0
449 127 128 0
450 127 130 0
451 127 127 0
452 127 130 0
453 127 127 0
454 128 130 0
455 128 130 0
456 128 130 0
457 128 130 0
458 128 128 0
459 128 130 0
460 128 130 0
461 128 130 0
462 128 130 0
463 128 130 0
464 128 128 0
465 128 130 0
466 128 129 0
467 128 128 0
468 128 130 0
469 128 128 0
470 128 130 0
471 128 128 0
472 128 128 0
473 128 129 0
474 128 128 0
475 128 128 0
476 128 130 0
477 128 130 0
478 128 128 0
479 128 130 0
480 128 130 0
481 128 128 0
482 128 130 0
483 128 128 0
484 128 128 0
485 128 130 0
486 128 130 0
487 128 130 0
488 128 128 0
489 128 130 0
490 128 128 0
491 129 130 0
492 129 129 0
493 129 130 0
494 129 130 0
495 129 130 0
496 129 130 0
497 129 130 0
498 129 130 0
499 129 130 0
500 129 130 0
501 129 130 0
502 129 130 0
503 129 129 0
504 129 130 0
505 129 130 0
506 129 129 0
507 129 129 0
508 129 130 0
509 129 130 0
510 129 130 0
511 129 129 0
512 129 129 0
513 129 130 0
514 129 130 0
515 129 129 0
516 129 129 0
517 129 130 0
518 129 129 0
519 129 129 0
520 129 129 0
521 129 130 0
522 129 130 0
523 129 130 0
524 129 130 0
525 129 129 0
526 129 130 0
527 129 130 0
528 129 129 0
529 129 129 0
530 130 130 0
531 130 130 0
532 130 130 0
533 130 130 0
534 130 130 0
535 130 130 0
536 130 130 0
537 130 130 0
538 130 130 0
539 130 130 0
540 130 130 0
541 130 130 0
542 130 130 0
543 130 130 0
544 130 130 0
545 130 130 0
546 130 130 0
547 130 130 0
548 130 130 0
549 130 130 0
550 130 130 0
551 130 130 0
552 130 130 0
553 130 130 0
554 130 130 0
555 130 130 0
556 130 130 0
557 130 130 0
558 130 130 0
559 130 130 0
560 130 130 0
561 130 130 0
562 130 130 0
563 130 130 0
564 130 130 0
565 130 130 0
566 130 130 0
567 130 130 0
568 130 130 0
569 130 130 0
570 130 130 0
571 130 130 0
572 130 130 0
573 130 130 0
574 130 130 0
575 130 130 0
576 130 130 0
577 130 130 0
578 130 130 0
579 130 130 0
580 130 130 0
581 130 130 0
582 130 130 0
583 130 130 0
584 130 130 0
585 130 130 0
586 130 130 0
587 130 130 0
588 130 130 0
589 130 130 0
590 130 130 0
591 130 130 0
592 130 130 0
593 130 130 0
594 130 130 0
595 130 130 0
596 130 130 0
597 130 130 0
598 130 130 0
599 130 130 0
600 130 130 0
601 130 130 0
