1 0 3 0
2 0 3 0
3 0 5 0
4 0 4 0
5 4 17 1
6 4 4 1
7 4 122 2
8 4 17 2
9 5 34 0
10 5 88 0
11 6 6 0
12 7 57 11
13 7 126 11
14 11 28 0
15 18 58 5
16 18 34 5
17 18 34 8
18 18 34 8
19 19 86 0
20 19 121 0
21 24 44 0
22 25 60 0
23 29 51 0
24 29 112 0
25 35 86 16
26 35 84 16
27 35 85 17
28 35 59 17
29 35 164 0
30 35 59 0
31 35 59 0
32 35 88 0
33 35 169 0
34 35 59 0
35 35 119 0
36 35 58 0
37 35 65 0
38 45 87 0
39 45 58 0
40 45 194 0
41 52 194 23
42 52 117 23
43 52 81 0
44 58 134 12
45 58 96 12
46 58 86 0
47 59 85 15
48 59 130 15
49 59 85 36
50 59 84 36
51 59 138 39
52 59 194 39
53 59 85 0
54 59 85 0
55 59 86 0
56 59 120 0
57 60 123 30
58 60 86 30
59 60 130 31
60 60 194 31
61 60 88 34
62 60 89 34
63 60 88 28
64 60 86 28
65 60 84 0
66 60 87 0
67 61 69 22
68 61 194 22
69 61 87 0
70 64 104 0
71 66 147 37
72 66 194 37
73 68 120 0
74 69 194 0
75 70 85 67
76 70 144 67
77 71 194 0
78 80 110 0
79 80 194 0
80 82 128 43
81 82 105 43
82 84 120 0
83 85 166 65
84 85 122 65
85 85 86 50
86 85 194 50
87 85 86 0
88 85 170 0
89 85 117 0
90 85 194 0
91 86 121 47
92 86 86 47
93 86 119 53
94 86 86 53
95 86 119 54
96 86 158 54
97 86 122 49
98 86 145 49
99 86 119 27
100 86 142 27
101 86 108 75
102 86 126 75
103 86 121 0
104 87 87 25
105 87 120 25
106 87 119 46
107 87 87 46
108 87 88 92
109 87 96 92
110 87 161 58
111 87 116 58
112 87 119 87
113 87 194 87
114 87 194 94
115 87 167 94
116 87 120 19
117 87 120 19
118 87 120 55
119 87 119 55
120 87 168 85
121 87 162 85
122 87 120 64
123 87 118 64
124 88 162 104
125 88 118 104
126 88 166 107
127 88 125 107
128 88 194 69
129 88 100 69
130 88 194 38
131 88 164 38
132 88 114 66
133 88 194 66
134 89 194 108
135 89 128 108
136 89 124 32
137 89 118 32
138 89 194 61
139 89 167 61
140 89 119 63
141 89 162 63
142 89 176 10
143 89 125 10
144 90 97 62
145 90 118 62
146 97 118 109
147 97 155 109
148 97 172 45
149 97 169 45
150 98 194 144
151 98 129 144
152 98 194 0
153 99 194 0
154 101 102 129
155 101 165 129
156 101 175 0
157 102 194 0
158 103 185 154
159 103 194 154
160 105 176 70
161 105 170 70
162 106 111 81
163 106 194 81
164 106 128 0
165 108 182 0
166 109 122 101
167 109 120 101
168 111 131 78
169 111 154 78
170 112 194 162
171 112 121 162
172 113 194 24
173 113 155 24
174 115 165 132
175 115 121 132
176 117 194 111
177 117 194 111
178 117 135 0
179 118 162 89
180 118 169 89
181 118 126 42
182 118 194 42
183 118 158 0
184 119 122 125
185 119 119 125
186 119 194 146
187 119 119 146
188 119 194 145
189 119 123 145
190 119 162 123
191 119 194 123
192 119 161 137
193 119 137 137
194 120 194 106
195 120 194 106
196 120 194 187
197 120 194 187
198 120 194 185
199 120 173 185
200 120 194 112
201 120 126 112
202 120 160 119
203 120 123 119
204 120 128 93
205 120 135 93
206 120 194 95
207 120 120 95
208 120 194 35
209 120 120 35
210 120 194 99
211 120 124 99
212 120 194 140
213 120 194 140
214 120 163 0
215 121 122 105
216 121 194 105
217 121 160 117
218 121 165 117
219 121 121 82
220 121 194 82
221 121 194 207
222 121 168 207
223 121 194 118
224 121 123 118
225 121 194 116
226 121 194 116
227 121 165 56
228 121 171 56
229 121 166 209
230 121 194 209
231 121 194 122
232 121 180 122
233 121 163 73
234 121 194 73
235 121 165 167
236 121 125 167
237 121 164 0
238 122 194 91
239 122 162 91
240 122 194 175
241 122 162 175
242 122 135 103
243 122 137 103
244 122 194 20
245 122 136 20
246 122 158 219
247 122 194 219
248 122 160 171
249 122 171 171
250 123 123 215
251 123 173 215
252 123 194 184
253 123 194 184
254 123 170 7
255 123 194 7
256 123 123 166
257 123 194 166
258 123 165 97
259 123 165 97
260 123 169 84
261 123 194 84
262 124 126 250
263 124 165 250
264 124 168 57
265 124 165 57
266 124 160 203
267 124 194 203
268 124 173 256
269 124 173 256
270 124 168 189
271 124 171 189
272 124 194 224
273 124 167 224
274 125 126 136
275 125 162 136
276 125 194 211
277 125 194 211
278 125 125 0
279 125 165 0
280 126 145 127
281 126 174 127
282 126 170 278
283 126 170 278
284 126 126 236
285 126 126 236
286 127 194 262
287 127 153 262
288 127 194 201
289 127 194 201
290 127 194 274
291 127 194 274
292 127 194 102
293 127 194 102
294 127 165 181
295 127 194 181
296 127 154 284
297 127 128 284
298 127 161 0
299 129 132 135
300 129 194 135
301 129 194 204
302 129 158 204
303 129 179 164
304 129 194 164
305 129 194 297
306 129 194 297
307 129 194 80
308 129 146 80
309 129 194 0
310 130 171 151
311 130 194 151
312 130 194 0
313 131 194 48
314 131 157 48
315 131 179 59
316 131 194 59
317 132 151 168
318 132 194 168
319 133 194 299
320 133 194 299
321 135 194 44
322 135 194 44
323 136 194 205
324 136 159 205
325 136 171 242
326 136 194 242
327 137 165 245
328 137 171 245
329 138 194 243
330 138 165 243
331 138 181 193
332 138 171 193
333 139 194 51
334 139 194 51
335 143 164 100
336 143 167 100
337 145 163 76
338 145 194 76
339 146 155 280
340 146 171 280
341 146 176 98
342 146 194 98
343 147 165 308
344 147 194 308
345 148 194 71
346 148 194 71
347 152 194 317
348 152 194 317
349 154 167 287
350 154 194 287
351 154 194 0
352 155 194 169
353 155 194 169
354 155 194 296
355 155 194 296
356 156 162 147
357 156 165 147
358 156 194 339
359 156 194 339
360 156 194 173
361 156 194 173
362 158 194 314
363 158 164 314
364 159 194 183
365 159 161 183
366 159 165 246
367 159 194 246
368 159 194 96
369 159 168 96
370 159 174 302
371 159 176 302
372 160 160 324
373 160 194 324
374 161 194 372
375 161 165 372
376 161 166 202
377 161 194 202
378 161 166 217
379 161 194 217
380 161 162 266
381 161 194 266
382 161 162 248
383 161 194 248
384 162 194 365
385 162 162 365
386 162 194 110
387 162 194 110
388 162 194 192
389 162 194 192
390 162 174 298
391 162 194 298
392 163 166 124
393 163 165 124
394 163 178 356
395 163 194 356
396 163 166 385
397 163 194 385
398 163 194 241
399 163 194 241
400 163 163 239
401 163 167 239
402 163 194 380
403 163 194 380
404 163 164 179
405 163 194 179
406 163 176 190
407 163 194 190
408 163 194 141
409 163 194 141
410 163 176 275
411 163 171 275
412 163 194 382
413 163 194 382
414 163 194 0
415 163 194 0
416 164 194 214
417 164 167 214
418 164 165 233
419 164 194 233
420 164 194 337
421 164 191 337
422 164 177 400
423 164 194 400
424 164 194 0
425 165 174 363
426 165 194 363
427 165 194 29
428 165 194 29
429 165 194 131
430 165 194 131
431 165 194 237
432 165 194 237
433 165 194 404
434 165 194 404
435 165 194 335
436 165 194 335
437 165 169 0
438 165 194 0
439 166 194 263
440 166 194 263
441 166 169 265
442 166 194 265
443 166 194 418
444 166 180 418
445 166 194 366
446 166 194 366
447 166 194 357
448 166 169 357
449 166 166 375
450 166 194 375
451 166 194 327
452 166 194 327
453 166 194 174
454 166 194 174
455 166 194 235
456 166 194 235
457 166 176 227
458 166 194 227
459 166 166 259
460 166 194 259
461 166 169 218
462 166 194 218
463 166 194 258
464 166 194 258
465 166 194 279
466 166 194 279
467 166 194 330
468 166 194 330
469 166 194 294
470 166 173 294
471 166 182 343
472 166 194 343
473 166 194 0
474 167 194 392
475 167 169 392
476 167 194 126
477 167 194 126
478 167 194 396
479 167 194 396
480 167 194 449
481 167 194 449
482 167 173 378
483 167 194 378
484 167 194 83
485 167 194 83
486 167 194 459
487 167 194 459
488 167 194 229
489 167 167 229
490 167 194 376
491 167 168 376
492 167 168 0
493 167 194 0
494 167 194 0
495 168 194 417
496 168 194 417
497 168 168 349
498 168 168 349
499 168 194 401
500 168 173 401
501 168 194 115
502 168 194 115
503 168 194 139
504 168 194 139
505 168 194 273
506 168 194 273
507 168 194 489
508 168 194 489
509 168 194 336
510 168 194 336
511 168 194 0
512 168 194 0
513 169 171 492
514 169 194 492
515 169 194 264
516 169 173 264
517 169 194 498
518 169 194 498
519 169 194 222
520 169 194 222
521 169 194 369
522 169 194 369
523 169 169 270
524 169 175 270
525 169 169 120
526 169 194 120
527 169 194 491
528 169 194 491
529 169 194 0
530 169 178 0
531 170 194 441
532 170 194 441
533 170 194 475
534 170 194 475
535 170 170 448
536 170 194 448
537 170 194 437
538 170 194 437
539 170 194 260
540 170 194 260
541 170 171 33
542 170 170 33
543 170 194 523
544 170 194 523
545 170 194 180
546 170 194 180
547 170 194 525
548 170 173 525
549 170 194 461
550 170 194 461
551 170 194 149
552 170 194 149
553 170 181 0
554 171 194 535
555 171 194 535
556 171 194 254
557 171 194 254
558 171 194 161
559 171 194 161
560 171 194 542
561 171 194 542
562 171 194 283
563 171 194 283
564 171 194 282
565 171 194 282
566 171 194 88
567 171 194 88
568 172 173 513
569 172 173 513
570 172 194 325
571 172 194 325
572 172 194 328
573 172 178 328
574 172 194 271
575 172 194 271
576 172 194 541
577 172 194 541
578 172 194 228
579 172 194 228
580 172 194 340
581 172 194 340
582 172 194 332
583 172 194 332
584 172 194 411
585 172 194 411
586 172 194 249
587 172 194 249
588 172 194 0
589 173 194 148
590 173 194 148
591 174 194 569
592 174 194 569
593 174 194 199
594 174 194 199
595 174 194 516
596 174 194 516
597 174 194 500
598 174 194 500
599 174 194 482
600 174 194 482
601 174 182 268
602 174 194 268
603 174 194 269
604 174 194 269
605 174 194 548
606 174 176 548
607 174 194 470
608 174 194 470
609 175 194 425
610 175 194 425
611 175 194 281
612 175 194 281
613 175 194 390
614 175 194 390
615 175 194 370
616 175 194 370
617 175 194 0
618 176 194 524
619 176 194 524
620 176 194 156
621 176 194 156
622 176 177 0
623 176 191 0
624 176 194 0
625 177 194 410
626 177 194 410
627 177 194 160
628 177 194 160
629 177 194 406
630 177 194 406
631 177 194 341
632 177 194 341
633 177 194 606
634 177 194 606
635 177 194 142
636 177 194 142
637 177 194 457
638 177 194 457
639 178 194 622
640 178 194 622
641 178 194 422
642 178 194 422
643 179 194 394
644 179 194 394
645 179 194 573
646 179 194 573
647 179 194 530
648 179 194 530
649 179 194 0
650 180 194 315
651 180 194 315
652 180 194 303
653 180 194 303
654 181 194 444
655 181 189 444
656 181 194 232
657 181 194 232
658 182 194 331
659 182 194 331
660 182 194 553
661 182 194 553
662 183 194 601
663 183 194 601
664 183 194 471
665 183 194 471
666 183 194 165
667 183 194 165
668 183 194 0
669 185 194 0
670 186 194 158
671 186 194 158
672 186 194 0
673 190 194 655
674 190 194 655
675 192 194 623
676 192 194 623
677 192 194 421
678 192 194 421
