1 0 0 0
2 0 4 0
3 0 4 0
4 0 3 0
5 1 4 0
6 4 4 0
7 4 4 0
8 4 4 0
9 5 6 0
10 5 6 0
11 5 5 0
12 5 7 0
13 5 5 0
14 5 5 0
15 6 6 0
16 6 6 0
17 6 7 0
18 7 7 0
19 7 16 0
20 7 8 0
21 7 9 0
22 7 7 0
23 8 15 0
24 8 10 0
25 8 24 0
26 8 10 0
27 9 9 0
28 10 10 0
29 10 18 0
30 11 15 0
31 11 16 0
32 11 18 0
33 11 34 0
34 16 18 0
35 16 17 0
36 17 18 0
37 17 28 0
38 18 34 0
39 18 18 0
40 18 18 0
41 19 23 0
42 19 34 0
43 19 34 0
44 19 19 0
45 19 29 0
46 19 23 0
47 19 23 0
48 19 19 0
49 20 22 0
50 20 28 0
51 23 23 0
52 24 34 0
53 24 34 0
54 24 34 0
55 24 34 0
56 24 34 0
57 25 35 0
58 25 55 0
59 29 34 0
60 29 29 0
61 29 35 0
62 30 34 0
63 30 35 0
64 35 86 38
65 35 58 38
66 35 65 33
67 35 35 33
68 35 85 0
69 35 59 0
70 35 57 0
71 35 58 0
72 35 59 0
73 35 58 0
74 35 57 0
75 35 58 0
76 35 58 0
77 35 35 0
78 35 58 0
79 35 58 0
80 35 35 0
81 35 59 0
82 35 44 0
83 35 35 0
84 36 89 0
85 36 58 0
86 36 36 0
87 36 36 0
88 36 51 0
89 36 51 0
90 36 86 0
91 37 44 0
92 37 58 0
93 45 96 0
94 45 59 0
95 45 68 0
96 45 70 0
97 52 63 88
98 52 79 88
99 52 59 0
100 52 81 0
101 56 84 0
102 58 59 0
103 58 84 0
104 58 84 0
105 58 83 0
106 59 85 79
107 59 86 79
108 59 59 0
109 59 59 0
110 59 59 0
111 59 59 0
112 59 60 0
113 59 86 0
114 59 85 0
115 59 69 0
116 59 59 0
117 59 59 0
118 59 87 0
119 59 120 0
120 59 85 0
121 59 60 0
122 60 85 72
123 60 85 72
124 60 86 81
125 60 105 81
126 60 87 0
127 60 86 0
128 60 87 0
129 60 86 0
130 60 86 0
131 60 77 0
132 60 86 0
133 60 85 0
134 60 86 0
135 60 85 0
136 60 60 0
137 60 60 0
138 60 69 0
139 60 79 0
140 61 87 0
141 61 88 0
142 61 88 0
143 61 86 0
144 61 105 0
145 61 101 0
146 64 107 0
147 64 104 0
148 66 108 66
149 66 105 66
150 68 86 0
151 69 70 0
152 69 97 0
153 70 77 138
154 70 87 138
155 70 74 0
156 71 98 0
157 71 100 0
158 71 100 0
159 75 100 0
160 78 87 0
161 78 98 0
162 80 110 0
163 80 83 0
164 80 102 0
165 80 85 0
166 82 121 100
167 82 129 100
168 84 86 0
169 84 113 0
170 84 173 0
171 85 118 0
172 85 116 0
173 85 86 0
174 85 86 0
175 85 117 0
176 85 165 0
177 85 125 0
178 85 126 0
179 86 86 68
180 86 86 68
181 86 158 135
182 86 120 135
183 86 86 106
184 86 88 106
185 86 86 0
186 86 194 0
187 86 119 0
188 86 165 0
189 86 121 0
190 86 123 0
191 86 123 0
192 86 124 0
193 86 118 0
194 86 121 0
195 87 126 127
196 87 119 127
197 87 118 185
198 87 122 185
199 87 120 124
200 87 119 124
201 87 122 0
202 87 88 0
203 87 123 0
204 87 122 0
205 87 116 0
206 87 164 0
207 87 117 0
208 87 88 0
209 87 118 0
210 87 118 0
211 87 160 0
212 87 118 0
213 87 87 0
214 87 120 0
215 87 87 0
216 87 87 0
217 87 120 0
218 87 87 0
219 87 112 0
220 87 99 0
221 87 120 0
222 87 96 0
223 87 88 0
224 88 120 128
225 88 119 128
226 88 102 140
227 88 128 140
228 88 120 154
229 88 96 154
230 88 119 0
231 88 194 0
232 88 122 0
233 88 119 0
234 88 121 0
235 88 125 0
236 88 97 0
237 88 88 0
238 88 120 0
239 89 89 142
240 89 124 142
241 89 125 223
242 89 89 223
243 89 119 0
244 89 164 0
245 89 121 0
246 89 124 0
247 89 117 0
248 89 120 0
249 89 122 0
250 89 126 0
251 90 125 84
252 90 129 84
253 90 121 0
254 90 194 0
255 97 134 93
256 97 128 93
257 97 158 0
258 97 126 0
259 97 130 0
260 98 120 0
261 98 113 0
262 98 128 0
263 98 138 0
264 99 132 0
265 99 129 0
266 99 119 0
267 100 119 0
268 101 137 157
269 101 102 157
270 101 144 0
271 101 145 0
272 101 102 0
273 102 102 0
274 102 124 0
275 103 129 0
276 103 137 0
277 103 142 0
278 103 104 0
279 103 166 0
280 103 112 0
281 105 145 0
282 105 126 0
283 105 181 0
284 106 119 0
285 106 128 0
286 106 194 0
287 106 194 0
288 106 146 0
289 108 175 0
290 108 194 0
291 109 154 0
292 109 129 0
293 111 151 162
294 111 154 162
295 112 112 0
296 113 194 280
297 113 176 280
298 113 166 0
299 113 160 0
300 114 114 169
301 114 136 169
302 115 121 0
303 115 155 0
304 117 119 0
305 117 164 0
306 117 159 0
307 117 160 0
308 118 158 207
309 118 121 207
310 118 161 175
311 118 166 175
312 118 176 0
313 118 174 0
314 119 159 209
315 119 119 209
316 119 166 212
317 119 166 212
318 119 119 0
319 119 160 0
320 119 158 0
321 119 123 0
322 119 119 0
323 119 193 0
324 119 119 0
325 120 130 225
326 120 162 225
327 120 169 315
328 120 155 315
329 120 162 318
330 120 120 318
331 120 194 267
332 120 162 267
333 120 173 200
334 120 165 200
335 120 120 0
336 120 120 0
337 120 181 0
338 120 153 0
339 120 165 0
340 120 120 0
341 120 122 0
342 120 162 0
343 120 194 0
344 120 120 0
345 120 120 0
346 120 168 0
347 120 164 0
348 120 163 0
349 120 124 0
350 120 135 0
351 121 122 217
352 121 121 217
353 121 194 238
354 121 167 238
355 121 165 119
356 121 171 119
357 121 121 199
358 121 166 199
359 121 122 0
360 121 194 0
361 121 122 0
362 121 164 0
363 121 163 0
364 121 121 0
365 121 155 0
366 121 161 0
367 121 167 0
368 121 121 0
369 121 121 0
370 121 194 0
371 121 165 0
372 121 176 0
373 121 164 0
374 121 168 0
375 121 168 0
376 121 157 0
377 121 121 0
378 121 165 0
379 121 165 0
380 122 171 189
381 122 167 189
382 122 171 166
383 122 170 166
384 122 167 0
385 122 157 0
386 122 163 0
387 122 162 0
388 122 164 0
389 122 172 0
390 122 165 0
391 122 164 0
392 122 163 0
393 122 162 0
394 122 166 0
395 122 123 0
396 122 122 0
397 122 194 0
398 122 165 0
399 122 194 0
400 123 170 361
401 123 169 361
402 123 164 232
403 123 123 232
404 123 166 0
405 123 165 0
406 123 194 0
407 123 167 0
408 123 123 0
409 123 170 0
410 123 194 0
411 123 123 0
412 123 167 0
413 123 167 0
414 123 168 0
415 123 149 0
416 124 168 203
417 124 194 203
418 124 173 408
419 124 170 408
420 124 173 191
421 124 173 191
422 124 170 0
423 124 171 0
424 124 194 0
425 124 125 0
426 124 169 0
427 124 167 0
428 124 194 0
429 124 167 0
430 125 168 240
431 125 168 240
432 125 161 349
433 125 165 349
434 125 194 0
435 125 126 0
436 125 165 0
437 125 176 0
438 125 163 0
439 126 174 235
440 126 194 235
441 126 170 0
442 126 155 0
443 126 171 0
444 126 131 0
445 126 126 0
446 127 194 195
447 127 194 195
448 127 194 435
449 127 170 435
450 127 163 250
451 127 194 250
452 127 163 258
453 127 169 258
454 127 173 178
455 127 168 178
456 127 175 0
457 127 128 0
458 129 165 0
459 129 179 0
460 129 174 0
461 129 185 0
462 129 194 0
463 129 170 0
464 129 194 0
465 129 174 0
466 129 170 0
467 129 169 0
468 129 171 0
469 130 175 252
470 130 171 252
471 130 194 265
472 130 167 265
473 130 182 0
474 130 180 0
475 130 147 0
476 131 166 259
477 131 191 259
478 131 179 0
479 131 194 0
480 132 132 0
481 132 185 0
482 133 178 0
483 133 180 0
484 133 181 0
485 135 194 0
486 135 169 0
487 136 175 0
488 136 169 0
489 137 189 0
490 137 163 0
491 138 194 268
492 138 181 268
493 138 182 0
494 138 194 0
495 139 194 263
496 139 194 263
497 143 194 0
498 143 167 0
499 145 194 270
500 145 194 270
501 146 194 271
502 146 194 271
503 146 169 0
504 146 194 0
505 147 174 0
506 147 171 0
507 148 194 475
508 148 194 475
509 150 166 0
510 152 194 0
511 152 194 0
512 154 194 338
513 154 172 338
514 154 163 0
515 155 194 294
516 155 176 294
517 155 194 0
518 155 194 0
519 156 194 328
520 156 194 328
521 156 194 303
522 156 171 303
523 156 194 0
524 156 194 0
525 156 194 0
526 158 194 385
527 158 194 385
528 158 194 0
529 159 184 181
530 159 194 181
531 159 194 0
532 159 161 0
533 159 194 0
534 159 194 0
535 159 194 0
536 159 194 0
537 160 161 0
538 160 194 0
539 160 194 0
540 161 167 307
541 161 194 307
542 161 194 0
543 161 194 0
544 161 194 0
545 161 194 0
546 161 163 0
547 161 194 0
548 161 194 0
549 162 194 537
550 162 194 537
551 162 166 366
552 162 194 366
553 162 194 0
554 162 194 0
555 162 194 0
556 162 194 0
557 162 169 0
558 163 194 393
559 163 194 393
560 163 164 332
561 163 194 332
562 163 194 0
563 163 179 0
564 163 194 0
565 163 194 0
566 163 194 0
567 163 194 0
568 163 194 0
569 163 194 0
570 163 163 0
571 163 163 0
572 163 163 0
573 163 194 0
574 163 194 0
575 163 194 0
576 164 191 363
577 164 194 363
578 164 194 392
579 164 194 392
580 164 194 452
581 164 194 452
582 164 194 0
583 164 194 0
584 164 194 0
585 164 194 0
586 164 176 0
587 164 194 0
588 164 164 0
589 164 165 0
590 164 174 0
591 164 191 0
592 164 170 0
593 164 194 0
594 165 165 206
595 165 194 206
596 165 194 388
597 165 168 388
598 165 168 0
599 165 194 0
600 165 194 0
601 165 194 0
602 165 194 0
603 165 194 0
604 165 194 0
605 165 194 0
606 165 194 0
607 165 194 0
608 165 194 0
609 165 194 0
610 165 194 0
611 165 194 0
612 165 194 0
613 166 166 339
614 166 194 339
615 166 194 390
616 166 194 390
617 166 194 355
618 166 194 355
619 166 194 436
620 166 194 436
621 166 194 433
622 166 194 433
623 166 194 0
624 166 194 0
625 166 168 0
626 166 194 0
627 166 177 0
628 166 169 0
629 166 194 0
630 166 186 0
631 166 186 0
632 166 194 0
633 166 194 0
634 166 194 0
635 166 169 0
636 166 169 0
637 166 169 0
638 166 194 0
639 166 194 0
640 166 194 0
641 166 194 0
642 166 194 0
643 166 194 0
644 166 194 0
645 167 168 404
646 167 168 404
647 167 194 317
648 167 194 317
649 167 194 311
650 167 194 311
651 167 194 509
652 167 169 509
653 167 194 0
654 167 194 0
655 167 194 0
656 167 194 0
657 167 194 0
658 167 194 0
659 167 194 0
660 167 176 0
661 167 194 0
662 167 194 0
663 167 194 0
664 167 180 0
665 167 194 0
666 167 194 0
667 167 194 0
668 167 194 0
669 168 194 407
670 168 194 407
671 168 194 384
672 168 194 384
673 168 168 427
674 168 194 427
675 168 194 429
676 168 194 429
677 168 194 354
678 168 194 354
679 168 194 0
680 168 194 0
681 168 194 0
682 168 194 0
683 168 194 0
684 168 194 0
685 168 173 0
686 168 194 0
687 168 194 0
688 168 179 0
689 168 194 0
690 168 194 0
691 169 194 374
692 169 194 374
693 169 173 0
694 169 194 0
695 169 172 0
696 169 169 0
697 169 194 0
698 169 194 0
699 169 194 0
700 169 194 0
701 169 194 0
702 169 194 0
703 169 194 0
704 169 169 0
705 169 194 0
706 169 170 0
707 169 170 0
708 169 194 0
709 169 169 0
710 169 169 0
711 169 170 0
712 169 194 0
713 169 178 0
714 170 194 704
715 170 173 704
716 170 194 637
717 170 194 637
718 170 194 453
719 170 194 453
720 170 194 467
721 170 193 467
722 170 194 0
723 170 194 0
724 170 194 0
725 170 194 0
726 170 194 0
727 170 194 0
728 170 170 0
729 170 170 0
730 170 178 0
731 170 194 0
732 170 194 0
733 170 170 0
734 170 194 0
735 170 176 0
736 170 194 0
737 170 194 0
738 170 194 0
739 170 194 0
740 170 194 0
741 170 171 0
742 170 194 0
743 170 194 0
744 171 194 422
745 171 194 422
746 171 194 419
747 171 194 419
748 171 194 409
749 171 182 409
750 171 176 449
751 171 194 449
752 171 194 0
753 171 194 0
754 171 194 0
755 171 194 0
756 171 194 0
757 171 171 0
758 171 194 0
759 171 194 0
760 171 194 0
761 171 194 0
762 171 194 0
763 171 174 0
764 171 194 0
765 171 171 0
766 171 194 0
767 172 172 443
768 172 194 443
769 172 194 356
770 172 194 356
771 172 194 382
772 172 194 382
773 172 194 0
774 172 194 0
775 172 194 0
776 172 194 0
777 172 194 0
778 172 194 0
779 172 194 0
780 172 178 0
781 172 194 0
782 172 194 0
783 172 194 0
784 172 193 0
785 172 172 0
786 172 172 0
787 172 182 0
788 172 194 0
789 173 194 389
790 173 194 389
791 173 194 0
792 173 194 0
793 173 194 0
794 173 194 0
795 173 194 0
796 174 194 421
797 174 194 421
798 174 194 454
799 174 194 454
800 174 194 0
801 174 194 0
802 174 194 0
803 174 194 0
804 174 194 0
805 174 194 0
806 174 194 0
807 174 194 0
808 174 194 0
809 174 194 0
810 174 194 0
811 174 194 0
812 175 194 460
813 175 194 460
814 175 194 439
815 175 194 439
816 175 194 590
817 175 194 590
818 175 194 763
819 175 193 763
820 175 194 0
821 175 194 0
822 175 194 0
823 175 194 0
824 176 194 456
825 176 176 456
826 176 194 469
827 176 193 469
828 176 194 289
829 176 194 289
830 176 176 0
831 176 194 0
832 176 194 0
833 177 194 586
834 177 194 586
835 177 194 750
836 177 194 750
837 177 194 437
838 177 194 437
839 177 194 0
840 177 194 0
841 177 194 0
842 177 194 0
843 177 194 0
844 177 194 0
845 177 194 0
846 177 194 0
847 177 181 0
848 177 194 0
849 177 194 0
850 178 194 0
851 178 194 0
852 178 194 0
853 179 194 482
854 179 194 482
855 179 186 713
856 179 194 713
857 179 194 0
858 179 182 0
859 179 194 0
860 179 194 0
861 180 194 459
862 180 194 459
863 180 194 0
864 180 194 0
865 180 194 0
866 180 194 0
867 181 194 474
868 181 194 474
869 181 194 0
870 181 194 0
871 181 194 0
872 182 194 492
873 182 194 492
874 182 194 0
875 182 194 0
876 182 194 0
877 182 194 0
878 182 194 0
879 183 194 473
880 183 194 473
881 183 194 493
882 183 194 493
883 183 194 0
884 183 194 0
885 183 194 0
886 183 194 0
887 183 194 0
888 185 194 0
889 185 194 0
890 186 194 461
891 186 194 461
892 186 194 481
893 186 194 481
894 187 194 0
895 187 194 0
896 187 194 0
897 190 194 0
898 190 194 0
899 192 194 0
900 192 194 0
901 192 194 0
902 192 194 0
903 192 194 0
904 194 194 0
905 194 194 0
906 194 194 0
907 194 194 0
908 194 194 0
