1 0 3 0
2 0 3 0
3 0 5 0
4 0 4 0
5 4 4 1
6 4 17 1
7 4 122 2
8 4 17 2
9 5 34 0
10 5 194 0
11 6 6 0
12 7 57 11
13 7 126 11
14 11 28 0
15 18 59 6
16 18 58 6
17 18 59 8
18 18 34 8
19 19 86 0
20 19 120 0
21 24 44 0
22 25 69 0
23 29 51 0
24 29 112 0
25 35 86 0
26 35 130 0
27 35 86 0
28 35 129 0
29 35 88 0
30 35 60 0
31 35 59 0
32 35 120 0
33 35 58 0
34 35 85 0
35 35 65 0
36 45 87 0
37 45 58 0
38 45 194 0
39 52 117 23
40 52 125 23
41 52 105 0
42 58 126 12
43 58 96 12
44 58 86 0
45 59 85 16
46 59 194 16
47 59 85 33
48 59 117 33
49 59 162 37
50 59 194 37
51 59 59 0
52 59 85 0
53 59 86 0
54 59 171 0
55 60 123 15
56 60 84 15
57 60 85 51
58 60 194 51
59 60 89 31
60 60 88 31
61 60 88 17
62 60 81 17
63 60 87 0
64 60 87 0
65 61 169 30
66 61 158 30
67 61 194 0
68 64 104 0
69 66 147 35
70 66 153 35
71 68 163 0
72 69 194 0
73 70 85 22
74 70 194 22
75 71 181 0
76 80 110 0
77 80 194 0
78 82 86 62
79 82 180 62
80 84 120 0
81 85 86 0
82 85 170 0
83 85 166 0
84 85 119 0
85 85 86 0
86 85 184 0
87 86 165 45
88 86 86 45
89 86 119 57
90 86 86 57
91 86 168 52
92 86 158 52
93 86 122 47
94 86 176 47
95 86 164 34
96 86 194 34
97 86 108 73
98 86 194 73
99 86 121 0
100 87 120 25
101 87 119 25
102 87 119 44
103 87 87 44
104 87 128 88
105 87 88 88
106 87 120 27
107 87 123 27
108 87 119 81
109 87 194 81
110 87 160 90
111 87 194 90
112 87 119 19
113 87 87 19
114 87 194 53
115 87 123 53
116 87 168 85
117 87 163 85
118 87 120 78
119 87 118 78
120 88 119 63
121 88 118 63
122 88 164 103
123 88 125 103
124 88 120 113
125 88 100 113
126 88 119 36
127 88 164 36
128 88 121 64
129 88 97 64
130 89 96 105
131 89 116 105
132 89 124 29
133 89 118 29
134 89 122 60
135 89 194 60
136 89 162 61
137 89 119 61
138 89 125 0
139 90 194 59
140 90 118 59
141 97 118 130
142 97 165 130
143 97 172 43
144 97 128 43
145 98 114 129
146 98 129 129
147 98 138 0
148 99 122 0
149 101 102 125
150 101 194 125
151 101 145 0
152 102 194 0
153 103 194 149
154 103 194 149
155 105 194 68
156 105 145 68
157 106 111 41
158 106 146 41
159 106 194 0
160 108 194 0
161 109 123 97
162 109 120 97
163 111 194 76
164 111 131 76
165 112 160 157
166 112 121 157
167 113 194 24
168 113 155 24
169 115 171 145
170 115 162 145
171 117 194 131
172 117 194 131
173 117 125 0
174 118 162 48
175 118 161 48
176 118 173 39
177 118 194 39
178 118 158 0
179 119 122 121
180 119 166 121
181 119 194 141
182 119 119 141
183 119 194 140
184 119 123 140
185 119 119 119
186 119 124 119
187 119 137 133
188 119 161 133
189 120 162 101
190 120 155 101
191 120 167 120
192 120 163 120
193 120 194 102
194 120 194 102
195 120 165 182
196 120 164 182
197 120 194 108
198 120 194 108
199 120 162 112
200 120 120 112
201 120 171 89
202 120 125 89
203 120 194 126
204 120 120 126
205 120 162 84
206 120 194 84
207 120 170 137
208 120 124 137
209 120 166 185
210 120 194 185
211 121 122 100
212 121 194 100
213 121 161 106
214 121 194 106
215 121 123 200
216 121 171 200
217 121 160 124
218 121 167 124
219 121 121 20
220 121 194 20
221 121 121 80
222 121 194 80
223 121 194 204
224 121 194 204
225 121 165 32
226 121 194 32
227 121 168 118
228 121 194 118
229 121 165 162
230 121 154 162
231 121 194 0
232 121 165 0
233 122 137 99
234 122 171 99
235 122 172 219
236 122 144 219
237 122 158 221
238 122 194 221
239 122 165 128
240 122 168 128
241 122 162 166
242 122 128 166
243 122 167 0
244 123 173 211
245 123 184 211
246 123 194 179
247 123 194 179
248 123 194 7
249 123 168 7
250 123 167 134
251 123 175 134
252 123 168 93
253 123 165 93
254 123 162 148
255 123 159 148
256 124 194 107
257 124 126 107
258 124 194 55
259 124 165 55
260 124 160 215
261 124 194 215
262 124 182 161
263 124 194 161
264 124 168 184
265 124 171 184
266 124 167 115
267 124 194 115
268 125 126 132
269 125 171 132
270 125 162 186
271 125 194 186
272 125 194 208
273 125 194 208
274 125 194 0
275 126 128 173
276 126 135 173
277 126 155 123
278 126 174 123
279 126 128 40
280 126 126 40
281 126 170 0
282 127 194 257
283 127 153 257
284 127 194 268
285 127 194 268
286 127 134 42
287 127 194 42
288 127 194 13
289 127 170 13
290 127 194 0
291 127 169 0
292 129 132 104
293 129 177 104
294 129 169 144
295 129 157 144
296 129 169 275
297 129 171 275
298 129 185 279
299 129 194 279
300 129 171 242
301 129 165 242
302 129 194 0
303 130 194 28
304 130 159 28
305 130 171 146
306 130 194 146
307 131 194 26
308 131 161 26
309 131 179 0
310 132 151 164
311 132 194 164
312 133 164 292
313 133 178 292
314 135 194 286
315 135 194 286
316 136 159 276
317 136 194 276
318 137 171 0
319 138 171 233
320 138 194 233
321 138 161 187
322 138 194 187
323 139 194 147
324 139 194 147
325 143 194 0
326 145 165 236
327 145 163 236
328 146 171 151
329 146 194 151
330 146 194 156
331 146 194 156
332 147 194 158
333 147 194 158
334 148 185 69
335 148 194 69
336 152 165 310
337 152 194 310
338 154 162 283
339 154 184 283
340 154 194 70
341 154 194 70
342 155 179 230
343 155 175 230
344 155 194 0
345 156 194 190
346 156 194 190
347 156 194 277
348 156 194 277
349 156 194 168
350 156 194 168
351 158 164 295
352 158 194 295
353 159 194 178
354 159 194 178
355 159 194 237
356 159 165 237
357 159 194 92
358 159 194 92
359 159 174 66
360 159 194 66
361 160 160 316
362 160 160 316
363 160 194 304
364 160 160 304
365 161 169 364
366 161 194 364
367 161 194 361
368 161 165 361
369 161 194 110
370 161 166 110
371 161 166 260
372 161 194 260
373 161 194 217
374 161 194 217
375 161 194 165
376 161 194 165
377 162 162 308
378 162 162 308
379 162 194 213
380 162 194 213
381 162 194 188
382 162 194 188
383 162 194 175
384 162 194 175
385 162 167 0
386 163 194 189
387 163 165 189
388 163 173 338
389 163 163 338
390 163 166 378
391 163 194 378
392 163 194 170
393 163 194 170
394 163 194 199
395 163 165 199
396 163 194 174
397 163 164 174
398 163 194 270
399 163 176 270
400 163 194 136
401 163 194 136
402 163 167 254
403 163 178 254
404 163 194 49
405 163 176 49
406 163 194 241
407 163 194 241
408 163 194 0
409 163 194 0
410 163 166 0
411 164 194 192
412 164 194 192
413 164 165 71
414 164 180 71
415 164 194 327
416 164 168 327
417 164 167 389
418 164 194 389
419 164 194 117
420 164 194 117
421 165 194 122
422 165 166 122
423 165 194 196
424 165 168 196
425 165 175 312
426 165 194 312
427 165 194 127
428 165 194 127
429 165 169 397
430 165 194 397
431 165 167 95
432 165 194 95
433 165 174 351
434 165 194 351
435 165 194 0
436 166 166 87
437 166 177 87
438 166 169 259
439 166 194 259
440 166 194 413
441 166 180 413
442 166 194 195
443 166 194 195
444 166 194 356
445 166 194 356
446 166 194 387
447 166 169 387
448 166 194 368
449 166 166 368
450 166 194 395
451 166 194 395
452 166 194 326
453 166 194 326
454 166 194 229
455 166 194 229
456 166 194 232
457 166 174 232
458 166 194 225
459 166 194 225
460 166 194 253
461 166 194 253
462 166 194 336
463 166 194 336
464 166 182 301
465 166 194 301
466 166 194 0
467 166 194 0
468 166 194 0
469 167 168 436
470 167 173 436
471 167 173 180
472 167 194 180
473 167 168 422
474 167 194 422
475 167 194 390
476 167 194 390
477 167 173 371
478 167 194 371
479 167 167 449
480 167 167 449
481 167 194 83
482 167 194 83
483 167 194 410
484 167 194 410
485 167 194 209
486 167 176 209
487 167 194 370
488 167 168 370
489 167 194 0
490 167 169 0
491 168 173 243
492 168 194 243
493 168 181 385
494 168 194 385
495 168 194 417
496 168 194 417
497 168 175 480
498 168 194 480
499 168 194 191
500 168 194 191
501 168 194 250
502 168 194 250
503 168 194 266
504 168 194 266
505 168 194 218
506 168 194 218
507 168 194 431
508 168 194 431
509 168 194 402
510 168 194 402
511 168 194 0
512 169 171 469
513 169 194 469
514 169 194 473
515 169 194 473
516 169 170 249
517 169 194 249
518 169 194 424
519 169 194 424
520 169 194 91
521 169 194 91
522 169 169 264
523 169 194 264
524 169 169 116
525 169 194 116
526 169 194 227
527 169 194 227
528 169 172 416
529 169 194 416
530 169 194 488
531 169 194 488
532 169 178 0
533 170 194 438
534 170 194 438
535 170 170 447
536 170 194 447
537 170 194 365
538 170 194 365
539 170 194 296
540 170 171 296
541 170 170 65
542 170 194 65
543 170 194 522
544 170 194 522
545 170 194 429
546 170 194 429
547 170 194 524
548 170 194 524
549 170 191 291
550 170 194 291
551 170 194 294
552 170 194 294
553 170 194 490
554 170 194 490
555 170 194 0
556 171 194 535
557 171 194 535
558 171 194 516
559 171 194 516
560 171 194 541
561 171 194 541
562 171 194 281
563 171 171 281
564 171 194 82
565 171 194 82
566 171 173 289
567 171 194 289
568 171 194 207
569 171 194 207
570 172 173 512
571 172 173 512
572 172 194 216
573 172 194 216
574 172 194 201
575 172 194 201
576 172 194 234
577 172 194 234
578 172 194 318
579 172 178 318
580 172 194 265
581 172 194 265
582 172 194 169
583 172 194 169
584 172 194 54
585 172 194 54
586 172 194 328
587 172 194 328
588 172 194 540
589 172 194 540
590 172 194 297
591 172 194 297
592 172 194 300
593 172 194 300
594 172 173 0
595 172 194 0
596 173 194 143
597 173 194 143
598 173 194 235
599 173 194 235
600 174 194 570
601 174 194 570
602 174 194 471
603 174 194 471
604 174 194 388
605 174 194 388
606 174 194 491
607 174 194 491
608 174 194 477
609 174 194 477
610 174 194 594
611 174 194 594
612 174 194 176
613 174 194 176
614 174 194 566
615 174 194 566
616 174 194 0
617 174 194 0
618 175 194 278
619 175 194 278
620 175 194 433
621 175 194 433
622 175 194 359
623 175 194 359
624 175 194 457
625 175 176 457
626 175 194 0
627 176 194 425
628 176 177 425
629 176 194 497
630 176 194 497
631 176 194 251
632 176 194 251
633 176 194 343
634 176 194 343
635 176 194 0
636 177 194 405
637 177 194 405
638 177 194 486
639 177 194 486
640 177 194 399
641 177 194 399
642 177 194 94
643 177 194 94
644 177 194 625
645 177 194 625
646 177 194 0
647 178 194 437
648 178 194 437
649 178 194 628
650 178 194 628
651 178 194 0
652 179 194 403
653 179 194 403
654 179 194 579
655 179 194 579
656 179 194 313
657 179 194 313
658 179 182 532
659 179 194 532
660 180 194 309
661 180 194 309
662 180 194 342
663 180 194 342
664 181 194 441
665 181 194 441
666 181 194 79
667 181 194 79
668 181 194 0
669 182 194 493
670 182 194 493
671 182 194 75
672 182 194 75
673 183 194 262
674 183 194 262
675 183 194 464
676 183 194 464
677 183 194 658
678 183 194 658
679 183 194 0
680 185 194 245
681 185 194 245
682 185 194 86
683 185 194 86
684 186 194 298
685 186 194 298
686 186 194 334
687 186 194 334
688 190 194 0
689 192 194 549
690 192 194 549
691 192 194 0
