1 0 0 0
2 0 4 0
3 0 4 0
4 0 3 0
5 1 4 0
6 4 4 0
7 4 4 0
8 4 4 0
9 5 6 0
10 5 6 0
11 5 5 0
12 5 7 0
13 5 5 0
14 5 5 0
15 6 6 0
16 6 6 0
17 6 7 0
18 7 9 16
19 7 7 16
20 7 7 0
21 7 16 0
22 7 8 0
23 8 15 0
24 8 10 0
25 8 24 0
26 8 10 0
27 9 9 0
28 10 10 0
29 10 18 0
30 11 15 0
31 11 16 0
32 11 18 0
33 11 34 0
34 16 18 0
35 16 17 0
36 17 18 0
37 17 28 0
38 18 34 0
39 18 18 0
40 18 18 0
41 19 23 0
42 19 34 0
43 19 34 0
44 19 19 0
45 19 29 0
46 19 23 0
47 19 23 0
48 19 19 0
49 20 22 0
50 20 28 0
51 23 23 0
52 24 34 0
53 24 34 0
54 24 34 0
55 24 34 0
56 24 34 0
57 25 35 0
58 25 55 0
59 29 34 0
60 29 29 0
61 29 35 0
62 30 34 0
63 30 35 0
64 35 86 38
65 35 58 38
66 35 35 54
67 35 59 54
68 35 65 33
69 35 35 33
70 35 85 0
71 35 59 0
72 35 57 0
73 35 58 0
74 35 59 0
75 35 58 0
76 35 57 0
77 35 58 0
78 35 58 0
79 35 35 0
80 35 58 0
81 35 58 0
82 35 44 0
83 35 35 0
84 36 89 0
85 36 58 0
86 36 36 0
87 36 36 0
88 36 51 0
89 36 51 0
90 36 86 0
91 37 44 0
92 37 58 0
93 45 96 0
94 45 59 0
95 45 68 0
96 45 70 0
97 52 63 88
98 52 79 88
99 52 59 0
100 52 81 0
101 56 84 0
102 58 59 0
103 58 84 0
104 58 84 0
105 58 83 0
106 59 85 81
107 59 59 81
108 59 86 85
109 59 85 85
110 59 59 0
111 59 59 0
112 59 59 0
113 59 59 0
114 59 60 0
115 59 86 0
116 59 85 0
117 59 69 0
118 59 59 0
119 59 59 0
120 59 87 0
121 59 120 0
122 59 60 0
123 60 85 74
124 60 85 74
125 60 86 67
126 60 105 67
127 60 87 0
128 60 86 0
129 60 87 0
130 60 86 0
131 60 86 0
132 60 77 0
133 60 86 0
134 60 85 0
135 60 86 0
136 60 85 0
137 60 60 0
138 60 60 0
139 60 69 0
140 60 79 0
141 61 101 122
142 61 105 122
143 61 87 0
144 61 88 0
145 61 88 0
146 61 86 0
147 64 107 0
148 64 104 0
149 66 108 68
150 66 105 68
151 68 86 0
152 69 70 0
153 69 97 0
154 70 77 139
155 70 87 139
156 70 74 0
157 71 98 0
158 71 100 0
159 71 100 0
160 75 100 0
161 78 87 0
162 78 98 0
163 80 110 0
164 80 83 0
165 80 102 0
166 80 85 0
167 82 121 100
168 82 129 100
169 84 86 0
170 84 113 0
171 84 173 0
172 85 118 0
173 85 116 0
174 85 86 0
175 85 86 0
176 85 117 0
177 85 165 0
178 85 125 0
179 85 126 0
180 86 86 70
181 86 86 70
182 86 119 134
183 86 86 134
184 86 158 136
185 86 120 136
186 86 86 106
187 86 88 106
188 86 124 109
189 86 86 109
190 86 194 0
191 86 165 0
192 86 121 0
193 86 123 0
194 86 123 0
195 86 118 0
196 86 121 0
197 87 126 128
198 87 119 128
199 87 164 181
200 87 116 181
201 87 118 133
202 87 118 183
203 87 122 183
204 87 160 135
205 87 118 135
206 87 87 146
207 87 120 146
208 87 112 108
209 87 99 108
210 87 120 125
211 87 119 125
212 87 122 0
213 87 88 0
214 87 123 0
215 87 122 0
216 87 117 0
217 87 88 0
218 87 118 0
219 87 87 0
220 87 120 0
221 87 87 0
222 87 87 0
223 87 120 0
224 87 96 0
225 87 88 0
226 88 119 127
227 88 194 127
228 88 120 129
229 88 119 129
230 88 102 143
231 88 128 143
232 88 125 221
233 88 120 155
234 88 96 155
235 88 122 0
236 88 119 0
237 88 121 0
238 88 97 0
239 88 88 0
240 88 120 0
241 89 89 145
242 89 124 145
243 89 125 225
244 89 89 225
245 89 119 0
246 89 164 0
247 89 121 0
248 89 124 0
249 89 117 0
250 89 120 0
251 89 122 0
252 89 126 0
253 90 125 84
254 90 129 84
255 90 121 0
256 90 194 0
257 97 134 93
258 97 128 93
259 97 158 0
260 97 126 0
261 97 130 0
262 98 128 238
263 98 120 238
264 98 113 0
265 98 138 0
266 99 132 0
267 99 129 0
268 99 119 0
269 100 119 0
270 101 145 160
271 101 144 160
272 101 137 158
273 101 102 158
274 101 102 0
275 102 102 0
276 102 124 0
277 103 142 273
278 103 137 273
279 103 129 0
280 103 104 0
281 103 166 0
282 103 112 0
283 105 181 280
284 105 145 280
285 105 126 0
286 106 119 0
287 106 128 0
288 106 194 0
289 106 194 0
290 106 146 0
291 108 175 0
292 108 194 0
293 109 154 0
294 109 129 0
295 111 151 163
296 111 154 163
297 112 112 0
298 113 194 282
299 113 176 282
300 113 166 0
301 113 160 0
302 114 114 170
303 114 136 170
304 115 121 0
305 115 155 0
306 117 119 0
307 117 164 0
308 117 159 0
309 117 160 0
310 118 158 216
311 118 121 216
312 118 161 176
313 118 166 176
314 118 176 0
315 118 174 0
316 119 159 201
317 119 119 201
318 119 166 218
319 119 166 218
320 119 119 0
321 119 160 0
322 119 158 0
323 119 123 0
324 119 119 0
325 119 193 0
326 119 119 0
327 120 120 227
328 120 120 227
329 120 130 229
330 120 162 229
331 120 169 317
332 120 155 317
333 120 162 320
334 120 120 320
335 120 194 182
336 120 181 182
337 120 194 269
338 120 162 269
339 120 163 286
340 120 124 286
341 120 173 211
342 120 165 211
343 120 120 0
344 120 120 0
345 120 153 0
346 120 165 0
347 120 120 0
348 120 122 0
349 120 162 0
350 120 120 0
351 120 168 0
352 120 164 0
353 120 135 0
354 121 176 233
355 121 164 233
356 121 168 185
357 121 168 185
358 121 122 207
359 121 121 207
360 121 121 250
361 121 157 250
362 121 194 240
363 121 167 240
364 121 165 121
365 121 171 121
366 121 165 337
367 121 121 210
368 121 166 210
369 121 122 0
370 121 194 0
371 121 122 0
372 121 164 0
373 121 163 0
374 121 121 0
375 121 155 0
376 121 161 0
377 121 167 0
378 121 121 0
379 121 121 0
380 121 194 0
381 121 165 0
382 121 165 0
383 122 171 192
384 122 167 192
385 122 165 237
386 122 172 237
387 122 122 196
388 122 194 196
389 122 171 167
390 122 170 167
391 122 167 0
392 122 157 0
393 122 163 0
394 122 162 0
395 122 164 0
396 122 164 0
397 122 163 0
398 122 162 0
399 122 166 0
400 122 123 0
401 122 122 0
402 122 194 0
403 122 165 0
404 123 165 212
405 123 167 212
406 123 170 371
407 123 169 371
408 123 164 235
409 123 123 235
410 123 123 348
411 123 194 203
412 123 170 203
413 123 167 358
414 123 167 358
415 123 166 0
416 123 194 0
417 123 123 0
418 123 168 0
419 123 149 0
420 124 168 214
421 124 194 214
422 124 173 410
423 124 170 410
424 124 171 323
425 124 194 323
426 124 173 194
427 124 173 194
428 124 170 0
429 124 125 0
430 124 169 0
431 124 167 0
432 124 194 0
433 124 167 0
434 125 125 248
435 125 126 248
436 125 168 242
437 125 168 242
438 125 176 188
439 125 169 188
440 125 161 340
441 125 165 340
442 125 194 276
443 125 163 276
444 126 174 232
445 126 194 232
446 126 170 429
447 126 155 429
448 126 171 0
449 126 131 0
450 126 126 0
451 127 194 197
452 127 194 197
453 127 194 435
454 127 170 435
455 127 163 252
456 127 194 252
457 127 163 260
458 127 169 260
459 127 173 179
460 127 168 179
461 127 175 0
462 127 128 0
463 129 165 0
464 129 179 0
465 129 174 0
466 129 185 0
467 129 194 0
468 129 170 0
469 129 194 0
470 129 174 0
471 129 170 0
472 129 169 0
473 129 171 0
474 130 175 254
475 130 171 254
476 130 194 267
477 130 167 267
478 130 182 0
479 130 180 0
480 130 147 0
481 131 166 261
482 131 191 261
483 131 179 0
484 131 194 0
485 132 132 449
486 132 185 449
487 133 178 266
488 133 180 266
489 133 181 0
490 135 169 257
491 135 194 257
492 136 175 353
493 136 169 353
494 137 189 0
495 137 163 0
496 138 194 272
497 138 181 272
498 138 182 0
499 138 194 0
500 139 194 265
501 139 194 265
502 143 167 277
503 143 194 277
504 145 162 271
505 145 194 271
506 146 194 270
507 146 194 270
508 146 169 0
509 146 194 0
510 147 171 290
511 147 174 290
512 148 194 480
513 148 194 480
514 150 166 0
515 152 194 295
516 152 194 295
517 154 194 345
518 154 172 345
519 154 163 0
520 155 194 296
521 155 176 296
522 155 194 293
523 155 194 293
524 156 194 332
525 156 194 332
526 156 194 305
527 156 171 305
528 156 194 0
529 156 194 0
530 156 194 0
531 158 194 392
532 158 194 392
533 158 194 0
534 159 194 310
535 159 161 310
536 159 184 184
537 159 194 184
538 159 194 0
539 159 194 0
540 159 194 0
541 159 194 0
542 160 194 308
543 160 194 308
544 160 161 0
545 161 167 309
546 161 194 309
547 161 194 321
548 161 194 301
549 161 194 301
550 161 194 0
551 161 194 0
552 161 194 0
553 161 163 0
554 162 194 544
555 162 194 544
556 162 166 376
557 162 194 376
558 162 194 0
559 162 194 0
560 162 194 0
561 162 194 0
562 162 169 0
563 163 194 330
564 163 179 330
565 163 194 394
566 163 194 394
567 163 194 333
568 163 194 333
569 163 194 398
570 163 194 398
571 163 164 338
572 163 194 338
573 163 194 0
574 163 194 0
575 163 194 0
576 163 163 0
577 163 163 0
578 163 163 0
579 163 194 0
580 163 194 0
581 163 194 0
582 164 191 373
583 164 194 373
584 164 194 397
585 164 194 397
586 164 194 457
587 164 194 457
588 164 194 519
589 164 165 519
590 164 194 0
591 164 194 0
592 164 194 0
593 164 194 0
594 164 176 0
595 164 194 0
596 164 164 0
597 164 174 0
598 164 191 0
599 164 170 0
600 165 165 199
601 165 194 199
602 165 194 246
603 165 194 246
604 165 194 408
605 165 194 395
606 165 168 395
607 165 194 396
608 165 194 396
609 165 194 355
610 165 194 355
611 165 194 352
612 165 194 352
613 165 168 0
614 165 194 0
615 165 194 0
616 165 194 0
617 165 194 0
618 165 194 0
619 166 166 346
620 166 194 346
621 166 169 191
622 166 194 191
623 166 194 385
624 166 194 385
625 166 186 381
626 166 186 381
627 166 194 364
628 166 194 364
629 166 166 439
630 166 166 439
631 166 166 366
632 166 169 366
633 166 194 382
634 166 194 382
635 166 194 589
636 166 194 589
637 166 194 403
638 166 194 403
639 166 194 342
640 166 194 342
641 166 194 441
642 166 194 441
643 166 194 0
644 166 194 0
645 166 168 0
646 166 194 0
647 166 177 0
648 166 194 0
649 166 194 0
650 166 194 0
651 166 169 0
652 166 194 0
653 167 168 415
654 167 168 415
655 167 194 319
656 167 194 319
657 167 194 313
658 167 194 313
659 167 194 514
660 167 169 514
661 167 194 368
662 167 180 368
663 167 194 0
664 167 194 0
665 167 194 0
666 167 194 0
667 167 194 0
668 167 194 0
669 167 194 0
670 167 176 0
671 167 194 0
672 167 194 0
673 167 194 0
674 167 194 0
675 167 194 0
676 167 194 0
677 168 194 405
678 168 194 405
679 168 194 391
680 168 194 391
681 168 194 377
682 168 194 377
683 168 168 431
684 168 194 431
685 168 173 413
686 168 168 413
687 168 194 433
688 168 194 433
689 168 194 414
690 168 168 414
691 168 194 363
692 168 194 363
693 168 194 0
694 168 194 0
695 168 194 0
696 168 194 0
697 168 194 0
698 168 179 0
699 168 194 0
700 168 194 0
701 169 172 653
702 169 173 653
703 169 194 613
704 169 194 613
705 169 194 606
706 169 194 606
707 169 194 356
708 169 194 356
709 169 170 418
710 169 169 418
711 169 169 460
712 169 178 460
713 169 194 0
714 169 169 0
715 169 194 0
716 169 194 0
717 169 194 0
718 169 169 0
719 169 194 0
720 169 170 0
721 169 170 0
722 169 194 0
723 169 194 0
724 170 170 430
725 170 170 430
726 170 194 718
727 170 173 718
728 170 170 710
729 170 194 710
730 170 176 439
731 170 194 439
732 170 194 632
733 170 194 632
734 170 194 458
735 170 194 458
736 170 194 472
737 170 193 472
738 170 194 0
739 170 194 0
740 170 194 0
741 170 194 0
742 170 194 0
743 170 194 0
744 170 178 0
745 170 194 0
746 170 194 0
747 170 194 0
748 170 194 0
749 170 194 0
750 170 194 0
751 170 171 0
752 170 194 0
753 170 194 0
754 171 194 428
755 171 194 428
756 171 194 423
757 171 194 423
758 171 194 412
759 171 182 412
760 171 194 454
761 171 194 454
762 171 194 725
763 171 194 725
764 171 194 720
765 171 171 720
766 171 194 721
767 171 194 721
768 171 174 618
769 171 194 618
770 171 194 0
771 171 194 0
772 171 194 0
773 171 194 0
774 171 194 0
775 171 171 0
776 171 194 0
777 172 194 424
778 172 194 424
779 172 194 383
780 172 194 383
781 172 172 448
782 172 194 448
783 172 194 365
784 172 194 365
785 172 194 636
786 172 182 636
787 172 172 775
788 172 172 775
789 172 194 389
790 172 194 389
791 172 194 0
792 172 194 0
793 172 194 0
794 172 178 0
795 172 194 0
796 172 194 0
797 172 194 0
798 172 193 0
799 173 194 386
800 173 194 386
801 173 194 0
802 173 194 0
803 173 194 0
804 173 194 0
805 173 194 0
806 174 194 422
807 174 194 422
808 174 194 427
809 174 194 427
810 174 194 426
811 174 194 341
812 174 194 341
813 174 194 459
814 174 194 459
815 174 194 0
816 174 194 0
817 174 194 0
818 174 194 0
819 174 194 0
820 174 194 0
821 174 194 0
822 175 194 465
823 175 194 465
824 175 194 444
825 175 194 444
826 175 194 597
827 175 194 597
828 175 194 768
829 175 193 768
830 175 194 470
831 175 194 470
832 175 194 0
833 175 194 0
834 176 194 461
835 176 176 461
836 176 194 474
837 176 193 474
838 176 194 492
839 176 194 492
840 176 194 291
841 176 194 291
842 176 176 0
843 177 194 594
844 177 194 594
845 177 194 760
846 177 194 760
847 177 194 730
848 177 194 730
849 177 194 438
850 177 194 438
851 177 194 0
852 177 194 0
853 177 194 0
854 177 194 0
855 177 194 0
856 177 181 0
857 177 194 0
858 177 194 0
859 178 194 647
860 178 194 647
861 178 194 0
862 179 194 794
863 179 182 794
864 179 194 487
865 179 194 487
866 179 186 712
867 179 194 712
868 179 194 0
869 179 194 0
870 180 194 483
871 180 194 483
872 180 194 464
873 180 194 464
874 180 194 0
875 180 194 0
876 181 194 479
877 181 194 479
878 181 194 0
879 181 189 0
880 181 194 0
881 182 194 497
882 182 194 497
883 182 194 856
884 182 182 856
885 182 194 283
886 182 194 283
887 182 194 0
888 182 194 0
889 183 194 478
890 183 194 478
891 183 194 498
892 183 194 498
893 183 194 0
894 183 194 0
895 183 194 0
896 183 194 0
897 183 194 0
898 185 194 536
899 185 194 536
900 186 194 466
901 186 194 466
902 186 194 486
903 186 194 486
904 187 194 0
905 187 194 0
906 187 194 0
907 190 194 494
908 190 194 494
909 190 194 0
910 192 194 482
911 192 194 482
912 192 194 0
913 192 194 0
914 192 194 0
915 194 194 0
916 194 194 0
917 194 194 0
918 194 194 0
919 194 194 0
