1 0 0 0
2 0 4 0
3 0 5 0
4 0 4 0
5 0 2 0
6 1 1 0
7 3 3 0
8 3 3 0
9 3 3 0
10 4 8 0
11 4 4 0
12 4 4 0
13 4 5 0
14 5 10 0
15 5 11 0
16 5 5 0
17 6 7 0
18 6 6 0
19 6 6 0
20 6 10 0
21 6 6 0
22 6 6 0
23 6 6 0
24 7 10 22
25 7 8 22
26 8 13 0
27 9 14 0
28 9 11 0
29 10 10 0
30 10 10 0
31 10 10 0
32 10 10 0
33 10 12 0
34 10 13 0
35 11 13 0
36 11 18 0
37 11 18 0
38 12 12 0
39 12 16 0
40 12 18 0
41 12 14 0
42 12 12 0
43 12 12 0
44 12 12 0
45 12 12 0
46 12 14 0
47 12 14 0
48 12 17 0
49 13 13 0
50 13 13 0
51 13 18 0
52 14 14 0
53 14 14 0
54 15 20 0
55 15 16 0
56 17 22 0
57 17 24 0
58 17 22 0
59 17 24 0
60 17 22 0
61 17 22 0
62 17 17 0
63 17 17 0
64 17 17 0
65 18 20 0
66 18 20 0
67 18 18 0
68 18 18 0
69 18 18 0
70 18 22 0
71 18 18 0
72 18 18 0
73 19 24 0
74 19 19 0
75 19 19 0
76 19 20 0
77 19 19 0
78 20 24 0
79 20 20 0
80 21 27 0
81 21 22 0
82 21 22 0
83 21 23 0
84 23 26 0
85 23 27 0
86 23 29 0
87 23 23 0
88 23 33 0
89 23 28 0
90 23 27 0
91 23 23 0
92 23 23 0
93 23 23 0
94 23 27 0
95 24 24 0
96 24 26 0
97 24 24 0
98 24 31 0
99 25 30 0
100 25 25 0
101 25 32 0
102 25 31 0
103 25 26 0
104 25 25 0
105 25 25 0
106 25 29 0
107 26 33 0
108 26 29 0
109 26 26 0
110 26 33 0
111 26 26 0
112 27 28 0
113 28 33 0
114 28 32 0
115 28 35 0
116 28 32 0
117 28 28 0
118 29 29 0
119 29 32 0
120 29 29 0
121 29 33 0
122 29 29 0
123 29 33 0
124 29 29 0
125 30 35 0
126 31 32 0
127 32 32 0
128 32 36 0
129 32 32 0
130 32 38 0
131 32 35 0
132 32 34 0
133 32 44 0
134 32 37 0
135 33 34 0
136 33 37 0
137 33 37 0
138 33 37 0
139 33 38 0
140 33 39 0
141 33 33 0
142 34 40 0
143 34 34 0
144 34 34 0
145 34 34 0
146 34 34 0
147 34 40 0
148 34 34 0
149 35 38 0
150 35 39 0
151 35 35 0
152 35 47 145
153 35 35 145
154 35 44 0
155 35 45 0
156 35 35 0
157 35 35 0
158 35 39 0
159 35 36 0
160 35 35 0
161 35 39 0
162 35 35 0
163 35 35 0
164 35 39 0
165 35 35 0
166 35 35 0
167 35 35 0
168 35 35 0
169 35 35 0
170 36 42 0
171 36 39 0
172 36 36 0
173 36 36 0
174 36 37 0
175 36 36 0
176 36 37 0
177 36 38 0
178 36 45 0
179 36 40 0
180 36 40 0
181 37 37 0
182 37 37 0
183 37 47 0
184 37 37 0
185 37 38 0
186 38 44 0
187 38 39 0
188 38 44 0
189 38 38 0
190 38 43 0
191 38 48 0
192 38 38 0
193 38 38 0
194 38 38 0
195 38 38 0
196 39 41 0
197 39 39 0
198 39 48 0
199 39 44 0
200 40 51 0
201 40 43 0
202 40 45 0
203 40 42 0
204 40 45 0
205 40 42 0
206 40 56 0
207 41 51 0
208 41 53 0
209 41 47 0
210 41 41 0
211 41 41 0
212 41 41 0
213 41 43 0
214 41 45 0
215 42 42 0
216 42 42 0
217 42 42 0
218 42 48 0
219 42 42 0
220 42 44 0
221 42 42 0
222 43 43 170
223 43 44 170
224 43 46 0
225 43 43 0
226 43 45 0
227 43 44 0
228 43 43 0
229 43 43 0
230 44 46 0
231 44 44 0
232 44 54 0
233 44 56 0
234 44 44 0
235 44 44 0
236 45 58 0
237 45 49 0
238 45 52 0
239 45 49 0
240 45 45 0
241 45 60 0
242 45 49 0
243 45 45 0
244 46 50 0
245 46 56 0
246 46 50 0
247 46 50 0
248 46 55 0
249 46 48 0
250 46 46 0
251 47 50 0
252 47 51 0
253 47 47 0
254 47 47 0
255 48 48 0
256 48 53 0
257 48 59 0
258 49 52 0
259 49 54 0
260 49 51 0
261 49 49 0
262 49 52 0
263 49 51 0
264 50 54 0
265 50 54 0
266 50 51 0
267 50 50 0
268 50 50 0
269 50 50 0
270 51 57 0
271 51 55 0
272 51 51 0
273 51 53 0
274 51 51 0
275 51 51 0
276 51 51 0
277 51 51 0
278 52 56 0
279 52 55 0
280 52 61 0
281 52 62 0
282 52 54 0
283 52 52 0
284 52 55 0
285 52 56 0
286 52 52 0
287 52 52 0
288 52 56 0
289 52 56 0
290 52 56 0
291 53 56 0
292 53 57 0
293 53 53 0
294 53 53 0
295 53 57 0
296 54 58 0
297 54 54 0
298 54 58 0
299 54 54 0
300 54 54 0
301 55 57 0
302 55 60 0
303 55 60 0
304 55 55 0
305 55 59 0
306 55 55 0
307 55 59 0
308 55 55 0
309 55 55 0
310 55 57 0
311 56 61 0
312 56 58 0
313 56 60 0
314 56 56 0
315 56 56 0
316 56 60 0
317 56 58 0
318 56 57 0
319 57 62 0
320 57 58 0
321 57 57 0
322 57 61 0
323 57 62 0
324 57 57 0
325 57 60 0
326 57 57 0
327 57 72 0
328 57 60 0
329 57 57 0
330 57 57 0
331 58 58 0
332 58 58 0
333 58 60 0
334 58 62 0
335 58 62 0
336 58 58 0
337 58 58 0
338 58 63 0
339 58 58 0
340 58 58 0
341 58 58 0
342 58 58 0
343 58 59 0
344 58 62 0
345 59 59 0
346 59 63 337
347 59 62 337
348 59 59 0
349 59 63 0
350 59 63 0
351 59 59 0
352 59 63 0
353 59 63 0
354 59 63 0
355 59 59 0
356 59 63 0
357 59 68 0
358 59 64 0
359 59 63 0
360 59 59 0
361 59 63 0
362 59 63 0
363 59 63 0
364 59 59 0
365 59 59 0
366 59 61 0
367 59 62 0
368 59 63 0
369 59 59 0
370 60 69 0
371 60 74 0
372 60 60 0
373 60 60 0
374 60 60 0
375 60 64 0
376 60 60 0
377 60 60 0
378 60 64 0
379 60 64 0
380 60 61 0
381 60 64 0
382 61 62 0
383 61 63 0
384 61 65 0
385 61 65 0
386 61 61 0
387 61 61 374
388 61 70 374
389 61 65 0
390 61 61 0
391 61 65 0
392 61 70 0
393 61 62 0
394 61 64 0
395 61 61 0
396 61 61 0
397 61 65 0
398 61 61 0
399 62 64 0
400 62 71 0
401 62 62 366
402 62 65 366
403 62 62 0
404 62 62 0
405 62 62 0
406 62 62 0
407 62 62 0
408 62 62 0
409 62 79 0
410 62 66 0
411 63 67 0
412 63 67 0
413 63 72 0
414 63 67 0
415 63 67 0
416 63 67 0
417 63 71 0
418 63 63 0
419 63 63 0
420 63 63 0
421 63 63 0
422 63 67 0
423 63 67 0
424 63 63 0
425 63 67 0
426 64 68 0
427 64 66 0
428 64 73 0
429 64 65 0
430 64 68 0
431 64 78 0
432 64 73 0
433 64 66 0
434 64 68 0
435 64 68 0
436 64 73 0
437 64 68 0
438 64 68 0
439 64 68 350
440 64 64 350
441 64 64 0
442 64 64 0
443 64 64 0
444 64 64 0
445 65 79 0
446 65 74 0
447 65 65 0
448 65 69 0
449 65 69 0
450 65 69 0
451 65 65 0
452 65 65 0
453 65 74 0
454 65 65 0
455 66 70 0
456 66 86 0
457 66 70 0
458 66 75 0
459 66 70 0
460 66 80 402
461 66 66 402
462 66 70 0
463 66 66 0
464 66 71 0
465 66 66 0
466 66 80 0
467 67 69 0
468 67 67 0
469 67 69 0
470 67 76 0
471 67 67 0
472 67 67 0
473 68 80 0
474 68 87 0
475 68 87 0
476 68 72 0
477 68 72 0
478 68 72 0
479 68 69 0
480 68 69 0
481 68 68 0
482 68 72 0
483 68 68 0
484 68 68 0
485 68 68 0
486 69 78 0
487 69 73 0
488 69 78 0
489 69 78 0
490 69 115 0
491 69 78 0
492 69 78 0
493 69 78 0
494 69 69 0
495 69 69 0
496 69 70 0
497 70 73 0
498 70 74 0
499 70 70 0
500 70 79 0
501 70 74 469
502 70 71 469
503 70 70 0
504 70 79 0
505 70 74 0
506 70 70 0
507 70 70 0
508 70 70 0
509 70 70 0
510 70 74 0
511 70 79 0
512 70 70 0
513 70 74 0
514 71 75 0
515 71 80 0
516 71 80 0
517 71 80 0
518 71 75 0
519 71 71 0
520 71 75 392
521 71 71 392
522 71 71 0
523 71 71 0
524 71 71 0
525 71 71 0
526 71 85 0
527 71 71 0
528 71 75 0
529 71 71 0
530 72 76 0
531 72 85 464
532 72 72 464
533 72 72 0
534 72 72 0
535 72 76 0
536 73 81 0
537 73 86 0
538 73 82 0
539 73 77 0
540 73 77 0
541 73 82 0
542 73 73 0
543 73 73 0
544 74 78 0
545 74 83 0
546 74 78 0
547 74 83 0
548 74 74 0
549 74 74 0
550 74 78 0
551 74 74 0
552 74 74 0
553 74 74 0
554 74 74 0
555 74 74 0
556 75 79 0
557 75 84 0
558 75 84 0
559 75 84 0
560 75 84 0
561 75 79 0
562 75 79 0
563 75 75 0
564 75 84 0
565 75 75 0
566 75 75 0
567 76 81 0
568 76 80 0
569 76 79 0
570 76 88 0
571 76 78 0
572 76 76 0
573 76 76 0
574 76 76 0
575 77 84 0
576 77 85 0
577 77 88 0
578 77 77 0
579 78 82 0
580 78 83 0
581 78 78 0
582 78 78 0
583 78 78 0
584 79 86 0
585 79 88 0
586 79 85 0
587 79 83 0
588 79 88 0
589 79 88 0
590 79 83 0
591 79 82 0
592 79 79 0
593 79 83 0
594 79 83 0
595 79 79 0
596 79 79 0
597 79 88 0
598 79 79 0
599 80 84 0
600 80 84 0
601 80 97 0
602 80 84 0
603 80 83 0
604 80 89 0
605 80 80 0
606 80 84 0
607 80 80 0
608 80 80 0
609 80 84 0
610 80 84 0
611 80 80 0
612 80 81 0
613 80 84 0
614 81 90 0
615 81 85 0
616 81 86 0
617 81 83 0
618 81 85 0
619 81 85 0
620 81 82 0
621 81 81 0
622 81 81 0
623 82 82 0
624 82 86 0
625 82 82 0
626 82 82 0
627 82 82 0
628 82 86 0
629 82 86 0
630 82 83 0
631 82 82 0
632 82 82 0
633 83 84 0
634 83 87 0
635 83 87 0
636 83 87 0
637 83 83 0
638 83 85 0
639 83 83 0
640 83 83 0
641 83 83 0
642 84 88 0
643 84 87 0
644 84 88 0
645 84 88 0
646 84 88 0
647 84 86 0
648 84 84 630
649 84 88 630
650 84 85 0
651 84 84 0
652 84 84 0
653 84 98 0
654 84 93 0
655 84 84 0
656 84 84 0
657 84 93 0
658 84 84 0
659 84 84 0
660 84 84 0
661 84 84 0
662 84 84 0
663 84 84 0
664 85 89 0
665 85 89 0
666 85 88 0
667 85 99 0
668 85 89 0
669 85 89 0
670 85 97 0
671 85 89 0
672 85 89 0
673 85 94 0
674 85 94 0
675 85 94 0
676 85 94 0
677 85 94 0
678 85 89 0
679 85 85 0
680 85 85 0
681 85 85 0
682 85 88 0
683 85 85 0
684 85 85 0
685 85 85 0
686 85 94 0
687 85 85 0
688 85 89 0
689 86 95 0
690 86 90 0
691 86 100 0
692 86 86 0
693 86 87 0
694 86 86 0
695 86 90 0
696 86 90 0
697 86 90 0
698 86 100 531
699 86 90 531
700 86 95 650
701 86 90 650
702 86 86 0
703 86 86 0
704 86 90 0
705 86 86 0
706 86 90 0
707 86 86 0
708 86 86 0
709 86 86 0
710 86 86 0
711 86 95 0
712 86 86 0
713 86 86 0
714 86 86 0
715 86 86 0
716 86 86 0
717 86 86 0
718 86 86 0
719 86 86 0
720 86 94 0
721 86 86 0
722 86 86 0
723 86 95 0
724 87 96 0
725 87 96 0
726 87 91 0
727 87 96 0
728 87 92 0
729 87 96 0
730 87 96 709
731 87 87 709
732 87 96 0
733 87 96 0
734 87 91 718
735 87 91 718
736 87 87 0
737 87 91 0
738 87 87 0
739 87 96 0
740 87 87 0
741 87 87 0
742 87 89 0
743 87 87 0
744 87 87 0
745 87 87 0
746 87 91 0
747 87 87 0
748 87 87 0
749 87 87 0
750 87 95 0
751 87 91 0
752 87 87 0
753 87 87 0
754 87 87 0
755 87 96 0
756 87 87 0
757 87 87 0
758 87 87 0
759 87 91 0
760 87 87 0
761 88 92 0
762 88 92 0
763 88 89 0
764 88 97 0
765 88 92 0
766 88 92 0
767 88 92 0
768 88 88 748
769 88 92 748
770 88 97 0
771 88 88 0
772 88 96 0
773 88 92 0
774 88 88 0
775 88 88 0
776 88 92 0
777 89 98 0
778 89 93 0
779 89 93 0
780 89 93 0
781 89 93 0
782 89 93 0
783 89 99 0
784 89 93 0
785 89 93 0
786 89 93 0
787 89 93 0
788 89 93 0
789 89 89 0
790 89 93 0
791 89 93 0
792 89 89 0
793 89 89 0
794 89 89 0
795 89 93 0
796 89 93 0
797 89 93 0
798 89 89 0
799 89 89 0
800 89 89 0
801 89 89 0
802 90 94 0
803 90 107 0
804 90 99 0
805 90 94 0
806 90 99 0
807 90 94 0
808 90 104 0
809 90 94 0
810 90 94 0
811 90 94 0
812 90 94 0
813 90 100 742
814 90 90 742
815 90 90 0
816 90 90 0
817 91 95 0
818 91 95 0
819 91 100 0
820 91 95 0
821 91 105 0
822 91 100 0
823 91 95 0
824 91 95 0
825 91 95 0
826 91 91 0
827 91 91 0
828 91 91 0
829 91 95 0
830 91 91 0
831 91 91 0
832 91 91 0
833 91 91 0
834 92 96 0
835 92 96 0
836 92 96 0
837 92 96 0
838 92 115 0
839 92 101 0
840 92 96 0
841 92 92 0
842 92 92 0
843 92 92 0
844 93 102 0
845 93 97 0
846 93 97 0
847 93 97 0
848 93 97 0
849 93 97 0
850 93 97 0
851 93 97 0
852 93 102 728
853 93 93 728
854 93 93 0
855 93 93 0
856 93 93 0
857 93 93 0
858 94 101 0
859 94 103 0
860 94 98 0
861 94 95 0
862 94 98 0
863 94 98 0
864 94 108 0
865 94 98 0
866 94 103 0
867 94 98 0
868 94 113 0
869 94 94 0
870 94 98 0
871 94 95 0
872 94 98 0
873 94 113 0
874 94 125 0
875 94 94 0
876 94 94 0
877 94 94 0
878 94 94 0
879 95 104 0
880 95 104 0
881 95 99 0
882 95 99 0
883 95 99 0
884 95 99 0
885 95 99 0
886 95 99 0
887 95 99 0
888 95 116 0
889 95 99 0
890 95 99 0
891 95 99 0
892 95 109 720
893 95 95 720
894 95 96 0
895 95 104 0
896 95 95 0
897 95 95 0
898 95 95 0
899 95 95 0
900 95 95 0
901 95 95 0
902 96 96 0
903 96 100 0
904 96 100 0
905 96 105 0
906 96 97 0
907 96 100 0
908 96 105 0
909 96 103 0
910 96 105 0
911 96 105 0
912 96 100 0
913 96 96 750
914 96 103 750
915 96 97 0
916 96 96 0
917 96 96 0
918 96 96 0
919 96 96 0
920 96 96 0
921 96 96 0
922 96 96 0
923 96 100 0
924 96 96 0
925 97 101 0
926 97 111 0
927 97 101 0
928 97 106 0
929 97 101 0
930 97 101 0
931 97 106 0
932 97 101 0
933 97 101 0
934 97 97 0
935 97 101 0
936 97 101 0
937 97 101 0
938 97 101 772
939 97 97 772
940 97 97 0
941 97 111 0
942 97 97 733
943 97 116 733
944 97 97 0
945 97 97 0
946 97 97 0
947 97 116 0
948 97 98 0
949 97 97 0
950 98 102 0
951 98 102 0
952 98 102 0
953 98 102 0
954 98 107 0
955 98 102 0
956 98 102 0
957 98 102 0
958 98 102 0
959 98 102 0
960 98 98 0
961 98 98 915
962 98 101 915
963 98 98 0
964 98 98 0
965 98 107 0
966 98 107 0
967 99 103 0
968 99 103 0
969 99 103 0
970 99 102 0
971 99 114 0
972 99 103 0
973 99 104 0
974 99 108 0
975 99 108 960
976 99 99 960
977 99 100 0
978 99 107 0
979 99 103 948
980 99 99 948
981 99 99 0
982 99 108 0
983 99 99 0
984 99 99 0
985 99 99 0
986 99 99 0
987 99 99 0
988 99 99 0
989 99 99 0
990 100 104 0
991 100 104 0
992 100 104 0
993 100 109 0
994 100 104 0
995 100 101 0
996 100 109 0
997 100 104 0
998 100 104 0
999 100 104 0
1000 100 109 0
1001 100 104 0
1002 100 109 0
1003 100 100 0
1004 100 104 0
1005 100 100 0
1006 100 100 0
1007 101 105 0
1008 101 104 0
1009 101 105 0
1010 101 105 0
1011 101 105 0
1012 101 115 0
1013 101 103 0
1014 101 120 0
1015 101 105 0
1016 101 111 0
1017 101 115 977
1018 101 101 977
1019 101 101 0
1020 101 101 0
1021 101 101 0
1022 101 101 0
1023 101 101 0
1024 101 105 0
1025 101 105 0
1026 101 101 0
1027 101 101 0
1028 102 106 0
1029 102 111 0
1030 102 108 0
1031 102 103 0
1032 102 121 0
1033 102 106 0
1034 102 111 0
1035 102 106 0
1036 102 106 0
1037 102 106 0
1038 102 106 0
1039 102 110 0
1040 102 102 0
1041 102 111 0
1042 102 102 0
1043 102 126 962
1044 102 102 962
1045 102 102 0
1046 102 102 0
1047 102 102 0
1048 102 102 0
1049 102 102 0
1050 102 102 0
1051 102 102 0
1052 103 107 0
1053 103 107 0
1054 103 107 0
1055 103 107 0
1056 103 107 0
1057 103 107 0
1058 103 107 0
1059 103 107 0
1060 103 107 0
1061 103 107 0
1062 103 109 0
1063 103 107 1049
1064 103 103 1049
1065 103 107 0
1066 103 103 0
1067 103 103 0
1068 103 103 0
1069 103 103 0
1070 103 112 0
1071 103 103 0
1072 103 103 0
1073 103 106 0
1074 103 103 0
1075 103 103 0
1076 104 108 0
1077 104 118 0
1078 104 106 0
1079 104 113 0
1080 104 108 0
1081 104 109 0
1082 104 108 0
1083 104 113 0
1084 104 104 0
1085 104 104 0
1086 104 106 0
1087 104 111 914
1088 104 104 914
1089 104 104 0
1090 104 104 0
1091 104 104 0
1092 104 104 0
1093 104 113 0
1094 104 104 0
1095 104 104 0
1096 104 104 0
1097 104 104 0
1098 105 114 0
1099 105 109 0
1100 105 108 0
1101 105 114 0
1102 105 109 0
1103 105 109 0
1104 105 111 0
1105 105 114 0
1106 105 114 0
1107 105 119 0
1108 105 110 0
1109 105 108 0
1110 105 109 0
1111 105 107 0
1112 105 109 0
1113 105 105 0
1114 105 109 0
1115 105 105 0
1116 105 105 0
1117 105 105 0
1118 105 105 0
1119 105 105 0
1120 105 105 0
1121 105 105 0
1122 105 105 0
1123 105 105 0
1124 105 105 0
1125 105 105 0
1126 105 105 0
1127 105 105 0
1128 106 110 0
1129 106 110 0
1130 106 115 0
1131 106 110 0
1132 106 115 0
1133 106 110 0
1134 106 110 0
1135 106 110 0
1136 106 110 0
1137 106 107 0
1138 106 120 0
1139 106 106 0
1140 106 106 0
1141 106 106 0
1142 106 122 0
1143 106 106 0
1144 106 106 0
1145 106 106 0
1146 106 109 0
1147 106 106 0
1148 106 115 0
1149 107 116 0
1150 107 111 0
1151 107 116 0
1152 107 112 0
1153 107 111 0
1154 107 107 0
1155 107 111 0
1156 107 111 0
1157 107 107 1086
1158 107 108 1086
1159 107 107 0
1160 107 107 0
1161 107 107 0
1162 107 107 0
1163 107 107 0
1164 107 107 0
1165 107 111 0
1166 107 107 0
1167 107 107 0
1168 107 107 0
1169 107 107 0
1170 107 107 0
1171 108 112 0
1172 108 112 0
1173 108 117 0
1174 108 111 0
1175 108 112 0
1176 108 112 0
1177 108 112 0
1178 108 117 0
1179 108 127 0
1180 108 117 0
1181 108 112 0
1182 108 109 0
1183 108 112 0
1184 108 112 0
1185 108 112 0
1186 108 117 0
1187 108 108 0
1188 108 109 0
1189 108 112 0
1190 108 108 0
1191 108 117 0
1192 108 108 0
1193 108 108 0
1194 108 108 0
1195 108 112 0
1196 108 108 0
1197 108 108 0
1198 108 112 0
1199 108 108 0
1200 108 108 0
1201 108 108 0
1202 109 124 0
1203 109 117 0
1204 109 116 0
1205 109 109 0
1206 109 113 0
1207 109 113 0
1208 109 113 0
1209 109 113 0
1210 109 113 0
1211 109 113 0
1212 109 109 0
1213 109 109 0
1214 109 109 0
1215 109 111 0
1216 109 109 0
1217 109 109 0
1218 109 109 0
1219 109 109 0
1220 110 114 0
1221 110 112 0
1222 110 111 0
1223 110 114 0
1224 110 114 0
1225 110 119 0
1226 110 120 0
1227 110 124 0
1228 110 114 0
1229 110 114 0
1230 110 115 0
1231 110 114 0
1232 110 114 0
1233 110 114 0
1234 110 110 0
1235 110 114 0
1236 110 110 0
1237 110 114 0
1238 110 110 1146
1239 110 120 1146
1240 110 110 0
1241 110 110 0
1242 110 114 0
1243 110 110 0
1244 110 110 0
1245 111 115 0
1246 111 125 0
1247 111 115 0
1248 111 115 0
1249 111 120 0
1250 111 120 0
1251 111 120 0
1252 111 115 1039
1253 111 115 1039
1254 111 111 0
1255 111 111 0
1256 111 114 0
1257 111 116 0
1258 111 111 0
1259 111 111 0
1260 111 111 0
1261 111 111 0
1262 111 111 0
1263 111 111 0
1264 111 111 0
1265 112 113 0
1266 112 130 0
1267 112 121 0
1268 112 113 0
1269 112 114 0
1270 112 116 0
1271 112 116 0
1272 112 116 0
1273 112 114 0
1274 112 116 0
1275 112 112 0
1276 112 117 1087
1277 112 112 1087
1278 112 120 0
1279 112 113 0
1280 112 132 0
1281 112 112 0
1282 112 112 0
1283 112 112 0
1284 112 112 0
1285 112 112 0
1286 112 116 0
1287 112 112 0
1288 112 112 0
1289 112 112 0
1290 112 112 0
1291 113 122 0
1292 113 115 0
1293 113 117 0
1294 113 117 0
1295 113 132 0
1296 113 117 0
1297 113 117 0
1298 113 117 0
1299 113 121 0
1300 113 130 0
1301 113 115 0
1302 113 117 0
1303 113 117 0
1304 113 113 0
1305 113 117 0
1306 113 113 0
1307 113 122 0
1308 113 113 0
1309 113 113 0
1310 113 113 0
1311 113 113 0
1312 113 113 0
1313 114 118 0
1314 114 118 0
1315 114 122 0
1316 114 118 0
1317 114 115 0
1318 114 118 0
1319 114 121 0
1320 114 118 0
1321 114 119 0
1322 114 116 0
1323 114 118 0
1324 114 114 0
1325 114 114 0
1326 115 117 0
1327 115 119 0
1328 115 119 0
1329 115 119 0
1330 115 119 0
1331 115 119 0
1332 115 116 0
1333 115 120 0
1334 115 119 0
1335 115 119 0
1336 115 130 0
1337 115 115 0
1338 115 119 0
1339 115 119 0
1340 115 119 0
1341 115 115 1256
1342 115 120 1256
1343 115 119 0
1344 115 115 0
1345 115 115 0
1346 115 116 0
1347 115 116 0
1348 115 115 0
1349 115 115 0
1350 115 115 0
1351 115 120 0
1352 115 119 0
1353 115 115 0
1354 115 115 0
1355 115 115 0
1356 115 115 0
1357 115 119 0
1358 115 115 0
1359 115 119 0
1360 115 115 0
1361 116 125 0
1362 116 120 0
1363 116 120 0
1364 116 120 0
1365 116 120 0
1366 116 120 0
1367 116 120 0
1368 116 120 0
1369 116 120 0
1370 116 121 0
1371 116 116 0
1372 116 125 0
1373 116 116 0
1374 116 116 0
1375 116 135 0
1376 116 116 0
1377 116 116 0
1378 116 120 0
1379 116 116 0
1380 116 116 0
1381 116 116 0
1382 116 116 0
1383 116 120 0
1384 116 116 0
1385 116 116 0
1386 116 116 0
1387 116 116 0
1388 117 120 0
1389 117 122 0
1390 117 121 0
1391 117 119 0
1392 117 120 0
1393 117 131 0
1394 117 121 0
1395 117 126 0
1396 117 120 0
1397 117 122 0
1398 117 121 0
1399 117 117 1346
1400 117 121 1346
1401 117 120 1257
1402 117 121 1257
1403 117 117 1347
1404 117 120 1347
1405 117 117 0
1406 117 121 0
1407 117 121 1385
1408 117 119 1385
1409 117 117 0
1410 117 117 0
1411 117 117 0
1412 117 117 0
1413 117 121 0
1414 117 117 0
1415 118 127 0
1416 118 118 0
1417 118 118 0
1418 118 122 0
1419 118 122 0
1420 118 143 0
1421 118 122 0
1422 118 122 0
1423 118 119 0
1424 118 122 0
1425 118 137 0
1426 118 151 0
1427 118 122 0
1428 118 119 1191
1429 118 122 1191
1430 118 118 0
1431 118 122 0
1432 118 118 0
1433 118 118 0
1434 118 122 0
1435 118 118 0
1436 118 118 0
1437 118 119 0
1438 118 118 0
1439 118 118 0
1440 118 122 0
1441 118 120 0
1442 118 123 0
1443 118 122 0
1444 118 118 0
1445 118 118 0
1446 118 118 0
1447 118 118 0
1448 119 122 0
1449 119 123 0
1450 119 125 0
1451 119 123 0
1452 119 119 0
1453 119 121 0
1454 119 123 0
1455 119 133 0
1456 119 123 0
1457 119 119 0
1458 119 120 0
1459 119 119 0
1460 119 130 0
1461 119 135 0
1462 119 119 0
1463 119 119 0
1464 119 124 0
1465 119 119 0
1466 119 119 0
1467 119 123 0
1468 120 120 0
1469 120 124 0
1470 120 127 0
1471 120 124 0
1472 120 134 0
1473 120 124 0
1474 120 123 0
1475 120 138 0
1476 120 129 0
1477 120 124 0
1478 120 123 0
1479 120 124 0
1480 120 124 0
1481 120 124 0
1482 120 124 0
1483 120 120 0
1484 120 124 0
1485 120 120 0
1486 120 120 1408
1487 120 120 1408
1488 120 120 0
1489 120 129 0
1490 120 124 0
1491 120 124 0
1492 120 126 1428
1493 120 123 1428
1494 120 120 0
1495 120 120 0
1496 120 125 0
1497 120 124 0
1498 120 120 0
1499 120 120 0
1500 120 120 0
1501 120 130 0
1502 120 121 0
1503 120 129 0
1504 120 120 0
1505 120 124 0
1506 120 120 0
1507 120 120 0
1508 120 120 0
1509 120 120 0
1510 120 120 0
1511 120 120 0
1512 120 124 0
1513 120 121 0
1514 121 148 0
1515 121 121 0
1516 121 122 0
1517 121 125 0
1518 121 123 0
1519 121 126 0
1520 121 131 0
1521 121 124 0
1522 121 122 0
1523 121 124 0
1524 121 125 0
1525 121 125 0
1526 121 122 0
1527 121 123 0
1528 121 123 0
1529 121 121 0
1530 121 130 0
1531 121 121 1458
1532 121 125 1458
1533 121 135 0
1534 121 133 0
1535 121 123 0
1536 121 121 0
1537 121 121 0
1538 121 130 0
1539 121 125 1351
1540 121 125 1351
1541 121 126 1508
1542 121 121 1508
1543 121 125 1278
1544 121 125 1278
1545 121 125 0
1546 121 125 0
1547 121 125 0
1548 121 121 0
1549 121 130 0
1550 121 121 0
1551 121 122 0
1552 121 125 0
1553 121 121 0
1554 121 140 0
1555 121 121 0
1556 121 123 0
1557 121 121 0
1558 121 121 0
1559 121 130 0
1560 121 123 0
1561 121 121 0
1562 121 121 0
1563 121 121 0
1564 121 132 0
1565 121 125 0
1566 121 121 0
1567 121 121 0
1568 121 121 0
1569 121 121 0
1570 121 130 0
1571 121 121 0
1572 121 121 0
1573 122 131 0
1574 122 123 0
1575 122 136 0
1576 122 123 0
1577 122 127 0
1578 122 128 0
1579 122 156 0
1580 122 133 0
1581 122 131 0
1582 122 122 0
1583 122 126 1550
1584 122 122 1550
1585 122 146 1370
1586 122 134 1370
1587 122 122 1502
1588 122 126 1502
1589 122 151 1557
1590 122 122 1557
1591 122 125 0
1592 122 122 0
1593 122 126 1562
1594 122 122 1562
1595 122 132 1513
1596 122 122 1513
1597 122 122 0
1598 122 122 0
1599 122 122 0
1600 122 122 0
1601 122 122 0
1602 122 126 0
1603 122 122 0
1604 122 126 0
1605 122 122 0
1606 122 125 0
1607 122 126 0
1608 122 132 0
1609 122 122 0
1610 122 123 0
1611 122 122 0
1612 123 137 0
1613 123 125 0
1614 123 138 0
1615 123 137 0
1616 123 127 0
1617 123 137 0
1618 123 133 0
1619 123 145 0
1620 123 127 0
1621 123 127 0
1622 123 124 0
1623 123 125 0
1624 123 132 0
1625 123 123 0
1626 123 132 1443
1627 123 137 1443
1628 123 127 0
1629 123 123 0
1630 123 127 0
1631 123 131 0
1632 123 123 0
1633 123 132 0
1634 123 123 0
1635 123 128 0
1636 123 123 0
1637 123 123 0
1638 123 130 0
1639 123 127 0
1640 123 127 0
1641 123 123 0
1642 123 128 0
1643 123 123 0
1644 123 123 0
1645 123 123 0
1646 123 127 0
1647 123 123 0
1648 123 127 0
1649 123 123 0
1650 123 123 0
1651 123 123 0
1652 123 123 0
1653 123 127 0
1654 123 127 0
1655 123 123 0
1656 123 123 0
1657 124 128 0
1658 124 126 0
1659 124 128 0
1660 124 138 0
1661 124 128 0
1662 124 128 0
1663 124 127 1478
1664 124 124 1478
1665 124 140 1535
1666 124 124 1535
1667 124 148 1556
1668 124 124 1556
1669 124 124 1560
1670 124 130 1560
1671 124 128 0
1672 124 125 0
1673 124 133 1610
1674 124 124 1610
1675 124 124 0
1676 124 126 0
1677 124 127 0
1678 124 124 0
1679 124 124 0
1680 124 124 0
1681 124 124 0
1682 124 132 0
1683 124 124 0
1684 124 128 0
1685 124 124 0
1686 124 126 0
1687 124 124 0
1688 124 133 0
1689 124 124 0
1690 124 128 0
1691 124 124 0
1692 124 124 0
1693 124 124 0
1694 124 124 0
1695 124 128 0
1696 124 124 0
1697 124 125 0
1698 124 128 0
1699 124 124 0
1700 124 124 0
1701 124 133 0
1702 124 124 0
1703 124 124 0
1704 124 133 0
1705 124 124 0
1706 125 134 0
1707 125 129 0
1708 125 129 0
1709 125 131 0
1710 125 125 0
1711 125 126 0
1712 125 129 0
1713 125 129 0
1714 125 129 0
1715 125 129 0
1716 125 126 0
1717 125 133 0
1718 125 134 0
1719 125 127 0
1720 125 129 1678
1721 125 129 1678
1722 125 125 1691
1723 125 127 1691
1724 125 129 0
1725 125 125 0
1726 125 127 0
1727 125 127 0
1728 125 125 0
1729 125 129 0
1730 125 134 0
1731 125 125 0
1732 125 125 0
1733 125 134 0
1734 125 134 0
1735 125 125 0
1736 125 125 0
1737 125 149 0
1738 125 127 0
1739 125 128 0
1740 125 134 0
1741 125 125 0
1742 125 129 0
1743 125 125 0
1744 125 129 0
1745 125 125 0
1746 125 125 0
1747 126 130 0
1748 126 130 0
1749 126 130 0
1750 126 130 0
1751 126 130 0
1752 126 130 0
1753 126 132 0
1754 126 135 0
1755 126 130 0
1756 126 130 0
1757 126 147 0
1758 126 130 0
1759 126 126 0
1760 126 130 0
1761 126 135 0
1762 126 128 0
1763 126 130 0
1764 126 130 0
1765 126 126 1496
1766 126 126 1496
1767 126 126 1606
1768 126 135 1606
1769 126 130 1591
1770 126 126 1591
1771 126 126 1697
1772 126 130 1697
1773 126 127 0
1774 126 127 0
1775 126 126 0
1776 126 126 0
1777 126 126 0
1778 126 126 0
1779 126 126 0
1780 126 126 0
1781 126 126 0
1782 126 145 0
1783 126 150 0
1784 126 126 0
1785 126 131 0
1786 126 126 0
1787 126 126 0
1788 126 126 0
1789 126 126 0
1790 126 130 0
1791 126 126 0
1792 126 126 0
1793 126 126 0
1794 126 126 0
1795 126 126 0
1796 127 149 0
1797 127 139 0
1798 127 135 0
1799 127 129 0
1800 127 131 0
1801 127 132 0
1802 127 128 0
1803 127 131 0
1804 127 137 0
1805 127 131 0
1806 127 127 0
1807 127 131 1676
1808 127 127 1676
1809 127 129 0
1810 127 127 0
1811 127 127 1492
1812 127 131 1492
1813 127 127 0
1814 127 127 0
1815 127 132 0
1816 127 146 0
1817 127 127 0
1818 127 127 0
1819 127 127 0
1820 127 127 0
1821 127 131 0
1822 127 136 0
1823 127 131 0
1824 127 127 0
1825 127 127 0
1826 127 127 0
1827 127 134 0
1828 127 131 0
1829 127 127 0
1830 127 127 0
1831 127 127 0
1832 128 130 0
1833 128 132 0
1834 128 132 0
1835 128 131 0
1836 128 132 0
1837 128 130 0
1838 128 139 0
1839 128 131 0
1840 128 132 0
1841 128 131 0
1842 128 132 1663
1843 128 128 1663
1844 128 128 0
1845 128 132 0
1846 128 132 1640
1847 128 128 1640
1848 128 128 1825
1849 128 132 1825
1850 128 128 1727
1851 128 133 1727
1852 128 128 0
1853 128 132 0
1854 128 129 0
1855 128 128 0
1856 128 128 0
1857 128 128 0
1858 128 128 0
1859 128 132 0
1860 128 128 0
1861 128 132 0
1862 128 128 0
1863 128 128 0
1864 128 130 0
1865 128 128 0
1866 128 128 0
1867 128 137 0
1868 128 128 0
1869 128 132 0
1870 128 128 0
1871 128 128 0
1872 128 128 0
1873 128 142 0
1874 128 128 0
1875 129 153 0
1876 129 143 0
1877 129 131 0
1878 129 133 0
1879 129 133 0
1880 129 140 0
1881 129 132 0
1882 129 133 0
1883 129 130 0
1884 129 131 0
1885 129 133 0
1886 129 133 0
1887 129 138 0
1888 129 138 0
1889 129 129 0
1890 129 130 0
1891 129 129 0
1892 129 129 0
1893 129 133 0
1894 129 129 0
1895 129 129 0
1896 129 129 0
1897 129 129 0
1898 129 143 0
1899 129 129 0
1900 129 132 0
1901 129 129 0
1902 129 129 0
1903 129 129 0
1904 129 129 0
1905 129 129 0
1906 129 130 0
1907 129 133 0
1908 129 129 0
1909 129 133 0
1910 129 129 0
1911 129 129 0
1912 130 131 0
1913 130 131 0
1914 130 144 0
1915 130 134 0
1916 130 139 0
1917 130 139 0
1918 130 136 0
1919 130 134 0
1920 130 134 0
1921 130 131 0
1922 130 134 0
1923 130 130 0
1924 130 134 0
1925 130 134 0
1926 130 130 0
1927 130 133 0
1928 130 139 0
1929 130 130 1809
1930 130 134 1809
1931 130 130 0
1932 130 130 0
1933 130 130 0
1934 130 130 0
1935 130 131 0
1936 130 133 0
1937 130 131 0
1938 130 130 0
1939 130 130 0
1940 130 130 0
1941 130 132 0
1942 130 130 0
1943 130 130 0
1944 130 134 0
1945 130 130 0
1946 130 130 0
1947 130 130 0
1948 130 130 0
1949 130 130 0
1950 131 150 0
1951 131 132 0
1952 131 140 0
1953 131 140 0
1954 131 135 0
1955 131 145 0
1956 131 140 0
1957 131 135 0
1958 131 144 0
1959 131 145 0
1960 131 135 0
1961 131 135 0
1962 131 140 0
1963 131 140 0
1964 131 135 0
1965 131 135 0
1966 131 135 0
1967 131 135 0
1968 131 140 0
1969 131 135 0
1970 131 135 0
1971 131 135 1890
1972 131 150 1890
1973 131 131 0
1974 131 133 0
1975 131 141 0
1976 131 135 0
1977 131 131 0
1978 131 132 0
1979 131 150 0
1980 131 131 0
1981 131 132 0
1982 131 135 0
1983 131 150 0
1984 131 136 0
1985 131 132 0
1986 131 131 0
1987 131 131 0
1988 131 145 0
1989 131 131 0
1990 131 131 0
1991 131 131 0
1992 131 131 0
1993 131 131 0
1994 131 131 0
1995 131 131 0
1996 131 131 0
1997 131 131 0
1998 132 140 0
1999 132 141 0
2000 132 136 0
2001 132 132 0
2002 132 136 0
2003 132 136 0
2004 132 136 0
2005 132 136 0
2006 132 136 0
2007 132 146 0
2008 132 135 0
2009 132 136 0
2010 132 132 0
2011 132 132 0
2012 132 151 0
2013 132 132 1823
2014 132 132 1823
2015 132 135 1990
2016 132 132 1990
2017 132 136 0
2018 132 132 0
2019 132 132 0
2020 132 136 0
2021 132 136 0
2022 132 132 0
2023 132 135 0
2024 132 133 0
2025 132 136 1631
2026 132 132 1631
2027 132 132 0
2028 132 136 0
2029 132 132 0
2030 132 132 0
2031 132 132 0
2032 132 134 0
2033 132 132 0
2034 132 132 0
2035 132 132 0
2036 132 143 0
2037 132 132 0
2038 132 135 0
2039 132 132 0
2040 132 132 0
2041 132 133 0
2042 132 132 0
2043 132 132 0
2044 133 137 0
2045 133 137 0
2046 133 137 0
2047 133 137 0
2048 133 137 0
2049 133 142 0
2050 133 137 0
2051 133 137 0
2052 133 139 0
2053 133 137 0
2054 133 141 0
2055 133 136 0
2056 133 137 0
2057 133 152 0
2058 133 133 1682
2059 133 147 1682
2060 133 133 2014
2061 133 137 2014
2062 133 137 1608
2063 133 133 1608
2064 133 133 1846
2065 133 137 1846
2066 133 137 0
2067 133 134 0
2068 133 137 1941
2069 133 133 1941
2070 133 133 1626
2071 133 135 1626
2072 133 133 1978
2073 133 138 1978
2074 133 133 0
2075 133 142 0
2076 133 133 0
2077 133 133 0
2078 133 133 0
2079 133 137 0
2080 133 133 0
2081 133 137 0
2082 133 133 0
2083 133 133 0
2084 133 169 0
2085 133 133 0
2086 133 133 0
2087 133 135 0
2088 133 133 0
2089 133 139 0
2090 133 133 0
2091 133 133 0
2092 133 133 0
2093 133 133 0
2094 133 133 0
2095 133 133 0
2096 133 133 0
2097 134 158 0
2098 134 137 0
2099 134 138 0
2100 134 142 0
2101 134 138 0
2102 134 134 0
2103 134 138 0
2104 134 138 0
2105 134 138 0
2106 134 138 0
2107 134 138 0
2108 134 134 1936
2109 134 135 1936
2110 134 138 1927
2111 134 134 1927
2112 134 142 1851
2113 134 134 1851
2114 134 142 0
2115 134 134 0
2116 134 134 1886
2117 134 148 1886
2118 134 138 1974
2119 134 134 1974
2120 134 134 0
2121 134 136 0
2122 134 134 0
2123 134 138 0
2124 134 143 0
2125 134 138 0
2126 134 134 0
2127 134 134 0
2128 134 134 0
2129 134 134 0
2130 134 138 0
2131 134 136 0
2132 134 135 0
2133 134 138 0
2134 134 134 0
2135 134 134 0
2136 134 134 0
2137 134 134 0
2138 134 134 0
2139 134 142 0
2140 135 144 0
2141 135 144 0
2142 135 138 0
2143 135 139 0
2144 135 154 0
2145 135 140 0
2146 135 138 0
2147 135 144 0
2148 135 139 0
2149 135 149 0
2150 135 139 0
2151 135 141 0
2152 135 139 0
2153 135 139 1730
2154 135 135 1730
2155 135 138 0
2156 135 135 0
2157 135 139 1827
2158 135 135 1827
2159 135 144 0
2160 135 135 0
2161 135 135 0
2162 135 144 0
2163 135 135 0
2164 135 137 0
2165 135 135 0
2166 135 152 0
2167 135 135 0
2168 135 135 0
2169 135 139 0
2170 135 139 0
2171 135 135 0
2172 135 135 0
2173 135 149 0
2174 135 135 0
2175 135 135 0
2176 135 135 0
2177 135 135 0
2178 135 135 0
2179 136 145 0
2180 136 140 0
2181 136 155 0
2182 136 136 0
2183 136 143 0
2184 136 138 0
2185 136 147 0
2186 136 140 0
2187 136 145 0
2188 136 165 0
2189 136 137 0
2190 136 137 0
2191 136 136 0
2192 136 140 0
2193 136 140 0
2194 136 140 0
2195 136 165 0
2196 136 136 1461
2197 136 139 1461
2198 136 136 0
2199 136 144 0
2200 136 145 2132
2201 136 140 2132
2202 136 136 0
2203 136 136 0
2204 136 136 2038
2205 136 149 2038
2206 136 140 2023
2207 136 136 2023
2208 136 140 2071
2209 136 136 2071
2210 136 167 0
2211 136 138 0
2212 136 136 0
2213 136 136 0
2214 136 136 0
2215 136 136 0
2216 136 136 0
2217 136 136 0
2218 136 136 0
2219 136 136 0
2220 137 154 0
2221 137 146 0
2222 137 169 0
2223 137 141 0
2224 137 141 0
2225 137 141 0
2226 137 137 0
2227 137 147 0
2228 137 141 0
2229 137 142 0
2230 137 143 0
2231 137 141 0
2232 137 139 0
2233 137 148 0
2234 137 138 0
2235 137 137 2121
2236 137 149 2121
2237 137 137 0
2238 137 137 0
2239 137 137 0
2240 137 137 0
2241 137 137 0
2242 137 140 0
2243 137 137 0
2244 137 152 0
2245 137 137 0
2246 137 137 0
2247 137 137 0
2248 138 152 0
2249 138 142 0
2250 138 144 0
2251 138 147 0
2252 138 142 0
2253 138 142 0
2254 138 141 0
2255 138 152 0
2256 138 147 0
2257 138 142 0
2258 138 147 0
2259 138 142 0
2260 138 147 0
2261 138 157 0
2262 138 152 0
2263 138 140 0
2264 138 153 0
2265 138 147 0
2266 138 138 2240
2267 138 142 2240
2268 138 144 0
2269 138 138 0
2270 138 138 2062
2271 138 141 2062
2272 138 142 0
2273 138 138 0
2274 138 143 0
2275 138 138 0
2276 138 152 0
2277 138 144 0
2278 138 138 0
2279 138 138 0
2280 138 142 0
2281 138 152 0
2282 138 142 0
2283 138 146 0
2284 138 138 0
2285 138 138 0
2286 138 139 0
2287 138 138 0
2288 138 138 0
2289 138 138 0
2290 138 138 0
2291 138 138 0
2292 138 138 0
2293 139 143 0
2294 139 144 0
2295 139 143 0
2296 139 143 0
2297 139 140 0
2298 139 139 0
2299 139 143 0
2300 139 153 0
2301 139 139 0
2302 139 140 0
2303 139 139 0
2304 139 150 0
2305 139 143 0
2306 139 145 0
2307 139 143 0
2308 139 151 0
2309 139 150 0
2310 139 139 0
2311 139 143 2155
2312 139 139 2155
2313 139 140 0
2314 139 139 0
2315 139 143 2073
2316 139 139 2073
2317 139 141 0
2318 139 139 0
2319 139 139 0
2320 139 139 0
2321 139 141 0
2322 139 139 0
2323 139 139 0
2324 139 145 0
2325 139 139 0
2326 139 139 0
2327 139 139 0
2328 139 142 0
2329 139 139 0
2330 139 139 0
2331 139 139 0
2332 139 139 0
2333 139 143 0
2334 140 149 0
2335 140 144 0
2336 140 155 0
2337 140 144 0
2338 140 140 0
2339 140 144 0
2340 140 144 0
2341 140 145 0
2342 140 144 0
2343 140 140 0
2344 140 140 0
2345 140 154 0
2346 140 140 2318
2347 140 144 2318
2348 140 140 0
2349 140 149 0
2350 140 144 0
2351 140 140 0
2352 140 140 2286
2353 140 149 2286
2354 140 140 2170
2355 140 142 2170
2356 140 144 0
2357 140 142 0
2358 140 140 0
2359 140 140 0
2360 140 140 0
2361 140 140 0
2362 140 140 0
2363 140 144 0
2364 140 140 0
2365 140 144 0
2366 140 140 0
2367 140 147 0
2368 140 140 0
2369 140 156 0
2370 140 140 0
2371 140 144 0
2372 140 140 0
2373 141 146 0
2374 141 160 0
2375 141 148 0
2376 141 155 0
2377 141 145 0
2378 141 145 0
2379 141 151 0
2380 141 145 0
2381 141 150 0
2382 141 145 0
2383 141 185 0
2384 141 150 0
2385 141 145 0
2386 141 145 0
2387 141 141 0
2388 141 145 0
2389 141 141 2242
2390 141 145 2242
2391 141 145 0
2392 141 141 0
2393 141 141 0
2394 141 150 0
2395 141 141 0
2396 141 142 0
2397 141 160 0
2398 141 141 0
2399 141 141 0
2400 141 141 0
2401 141 144 0
2402 141 143 0
2403 141 141 0
2404 141 141 0
2405 141 145 0
2406 141 142 0
2407 141 156 0
2408 141 142 0
2409 141 141 0
2410 141 141 0
2411 141 141 0
2412 142 143 0
2413 142 146 0
2414 142 144 0
2415 142 151 0
2416 142 146 0
2417 142 151 0
2418 142 142 2317
2419 142 156 2317
2420 142 151 0
2421 142 151 0
2422 142 142 0
2423 142 150 0
2424 142 142 0
2425 142 143 0
2426 142 142 0
2427 142 143 0
2428 142 142 0
2429 142 142 0
2430 142 145 0
2431 142 152 0
2432 142 142 0
2433 142 142 0
2434 142 142 0
2435 142 142 0
2436 142 142 0
2437 142 142 0
2438 142 142 0
2439 142 142 0
2440 142 142 0
2441 142 142 0
2442 142 151 0
2443 142 147 0
2444 142 142 0
2445 142 142 0
2446 142 142 0
2447 142 146 0
2448 143 152 0
2449 143 147 0
2450 143 152 0
2451 143 147 0
2452 143 152 0
2453 143 147 0
2454 143 157 0
2455 143 147 0
2456 143 147 0
2457 143 144 0
2458 143 147 0
2459 143 152 0
2460 143 147 2406
2461 143 143 2406
2462 143 152 2114
2463 143 147 2114
2464 143 143 2355
2465 143 147 2355
2466 143 143 2408
2467 143 143 2408
2468 143 144 2139
2469 143 143 2139
2470 143 143 2396
2471 143 147 2396
2472 143 143 0
2473 143 143 0
2474 143 143 0
2475 143 143 0
2476 143 143 0
2477 143 143 0
2478 143 143 0
2479 143 145 0
2480 143 147 0
2481 143 143 0
2482 143 143 0
2483 143 147 0
2484 143 143 0
2485 143 143 0
2486 143 143 0
2487 143 157 0
2488 143 143 0
2489 143 144 0
2490 143 143 0
2491 143 152 0
2492 143 143 0
2493 143 143 0
2494 143 143 0
2495 143 143 0
2496 143 143 0
2497 143 143 0
2498 144 153 0
2499 144 148 0
2500 144 148 0
2501 144 158 0
2502 144 153 0
2503 144 157 0
2504 144 148 0
2505 144 148 0
2506 144 144 2402
2507 144 145 2402
2508 144 144 1420
2509 144 153 1420
2510 144 144 0
2511 144 145 0
2512 144 154 0
2513 144 144 0
2514 144 158 2494
2515 144 144 2494
2516 144 146 0
2517 144 144 0
2518 144 144 0
2519 144 144 0
2520 144 146 0
2521 144 144 0
2522 144 144 0
2523 144 146 0
2524 144 144 0
2525 144 151 0
2526 144 146 0
2527 144 144 0
2528 144 145 0
2529 144 149 0
2530 144 153 0
2531 144 144 0
2532 145 154 0
2533 145 159 0
2534 145 146 0
2535 145 154 0
2536 145 146 0
2537 145 157 0
2538 145 159 0
2539 145 149 0
2540 145 152 0
2541 145 149 0
2542 145 146 0
2543 145 146 0
2544 145 169 0
2545 145 149 0
2546 145 156 0
2547 145 149 0
2548 145 147 0
2549 145 150 0
2550 145 149 2401
2551 145 145 2401
2552 145 149 0
2553 145 145 0
2554 145 154 2277
2555 145 145 2277
2556 145 145 2268
2557 145 145 2268
2558 145 149 0
2559 145 146 0
2560 145 145 0
2561 145 148 0
2562 145 164 0
2563 145 145 0
2564 145 150 0
2565 145 146 0
2566 145 145 0
2567 145 149 0
2568 145 145 0
2569 145 146 0
2570 145 145 0
2571 145 145 0
2572 145 149 0
2573 145 145 0
2574 145 145 0
2575 145 145 0
2576 145 148 0
2577 145 145 0
2578 145 145 0
2579 145 145 0
2580 145 145 0
2581 146 150 0
2582 146 151 0
2583 146 150 0
2584 146 150 0
2585 146 160 0
2586 146 147 0
2587 146 155 0
2588 146 150 0
2589 146 148 0
2590 146 155 0
2591 146 150 0
2592 146 160 0
2593 146 149 0
2594 146 155 0
2595 146 152 0
2596 146 148 0
2597 146 147 2507
2598 146 146 2507
2599 146 160 1988
2600 146 150 1988
2601 146 146 2570
2602 146 153 2570
2603 146 146 0
2604 146 146 0
2605 146 147 0
2606 146 148 0
2607 146 146 0
2608 146 146 0
2609 146 150 0
2610 146 146 0
2611 146 151 0
2612 146 146 0
2613 146 150 0
2614 146 146 0
2615 146 146 0
2616 146 146 0
2617 146 146 0
2618 146 146 0
2619 147 156 0
2620 147 151 0
2621 147 151 0
2622 147 156 0
2623 147 156 0
2624 147 151 0
2625 147 151 0
2626 147 176 2516
2627 147 147 2516
2628 147 147 0
2629 147 147 0
2630 147 151 0
2631 147 151 0
2632 147 147 0
2633 147 150 0
2634 147 147 2283
2635 147 151 2283
2636 147 161 2565
2637 147 148 2565
2638 147 147 2526
2639 147 151 2526
2640 147 151 0
2641 147 147 0
2642 147 147 0
2643 147 147 0
2644 147 147 0
2645 147 160 0
2646 147 147 0
2647 147 147 0
2648 147 147 0
2649 147 147 0
2650 147 147 0
2651 147 147 0
2652 147 147 0
2653 147 147 0
2654 147 147 0
2655 147 147 0
2656 148 171 0
2657 148 162 0
2658 148 159 0
2659 148 152 0
2660 148 152 0
2661 148 152 0
2662 148 152 0
2663 148 157 0
2664 148 150 0
2665 148 157 0
2666 148 156 0
2667 148 157 0
2668 148 157 0
2669 148 148 2605
2670 148 152 2605
2671 148 148 2597
2672 148 157 2597
2673 148 148 0
2674 148 152 0
2675 148 149 0
2676 148 157 0
2677 148 152 2443
2678 148 152 2443
2679 148 160 0
2680 148 148 0
2681 148 152 0
2682 148 148 0
2683 148 148 0
2684 148 148 0
2685 148 148 0
2686 148 149 0
2687 148 148 0
2688 148 148 0
2689 148 148 0
2690 148 148 0
2691 148 148 0
2692 148 148 0
2693 148 148 0
2694 148 153 0
2695 149 163 0
2696 149 153 0
2697 149 153 0
2698 149 153 0
2699 149 153 0
2700 149 153 0
2701 149 149 0
2702 149 158 0
2703 149 149 0
2704 149 153 2233
2705 149 166 2233
2706 149 149 2561
2707 149 163 2561
2708 149 149 0
2709 149 149 0
2710 149 149 0
2711 149 149 0
2712 149 152 0
2713 149 149 0
2714 149 149 0
2715 149 149 0
2716 149 149 0
2717 149 150 0
2718 149 154 0
2719 149 149 0
2720 149 149 0
2721 149 149 0
2722 149 153 0
2723 149 149 0
2724 149 150 0
2725 149 149 0
2726 149 149 0
2727 150 155 2721
2728 150 154 0
2729 150 154 0
2730 150 154 0
2731 150 169 0
2732 150 151 0
2733 150 152 0
2734 150 154 0
2735 150 154 0
2736 150 151 0
2737 150 155 0
2738 150 150 2349
2739 150 155 2349
2740 150 150 0
2741 150 159 0
2742 150 150 2721
2743 150 150 0
2744 150 169 0
2745 150 150 0
2746 150 150 0
2747 150 150 0
2748 150 150 0
2749 150 150 0
2750 150 150 0
2751 150 150 0
2752 150 150 0
2753 150 154 0
2754 150 150 0
2755 150 150 0
2756 150 151 0
2757 150 150 0
2758 150 159 0
2759 150 150 0
2760 150 150 0
2761 150 152 0
2762 150 150 0
2763 150 150 0
2764 150 150 0
2765 150 150 0
2766 150 151 0
2767 150 150 0
2768 150 150 0
2769 150 150 0
2770 150 154 0
2771 150 150 0
2772 150 150 0
2773 150 154 0
2774 150 150 0
2775 150 159 0
2776 150 150 0
2777 151 152 0
2778 151 151 0
2779 151 160 0
2780 151 151 0
2781 151 151 0
2782 151 155 0
2783 151 155 0
2784 151 165 0
2785 151 151 0
2786 151 155 0
2787 151 152 0
2788 151 155 0
2789 151 155 0
2790 151 151 0
2791 151 158 0
2792 151 154 0
2793 151 160 0
2794 151 156 0
2795 151 151 0
2796 151 155 0
2797 151 151 0
2798 151 151 2423
2799 151 155 2423
2800 151 151 0
2801 151 151 0
2802 151 151 0
2803 151 151 0
2804 151 151 0
2805 151 151 0
2806 151 151 0
2807 151 151 0
2808 151 151 0
2809 151 152 0
2810 151 151 0
2811 151 155 0
2812 151 151 0
2813 151 151 0
2814 151 155 0
2815 151 151 0
2816 151 151 0
2817 151 156 0
2818 151 165 0
2819 151 151 0
2820 151 151 0
2821 151 151 0
2822 151 151 0
2823 151 155 0
2824 152 161 0
2825 152 152 0
2826 152 160 0
2827 152 155 0
2828 152 164 0
2829 152 156 0
2830 152 156 0
2831 152 156 0
2832 152 156 0
2833 152 167 0
2834 152 161 0
2835 152 156 0
2836 152 156 0
2837 152 161 0
2838 152 153 0
2839 152 155 0
2840 152 152 0
2841 152 152 0
2842 152 154 0
2843 152 155 0
2844 152 152 0
2845 152 156 0
2846 152 166 0
2847 152 161 2635
2848 152 152 2635
2849 152 152 2525
2850 152 160 2525
2851 152 152 0
2852 152 152 0
2853 152 153 0
2854 152 152 0
2855 152 152 0
2856 152 152 0
2857 152 154 0
2858 152 152 0
2859 152 152 0
2860 152 152 0
2861 152 152 0
2862 152 152 0
2863 152 152 0
2864 152 152 0
2865 152 152 0
2866 152 152 0
2867 152 154 0
2868 152 152 0
2869 152 152 0
2870 152 152 0
2871 153 167 0
2872 153 160 0
2873 153 156 0
2874 153 157 0
2875 153 162 0
2876 153 157 0
2877 153 157 0
2878 153 162 0
2879 153 154 0
2880 153 153 0
2881 153 155 0
2882 153 157 0
2883 153 157 0
2884 153 155 0
2885 153 155 0
2886 153 156 0
2887 153 157 0
2888 153 162 0
2889 153 157 0
2890 153 156 0
2891 153 153 0
2892 153 163 0
2893 153 162 0
2894 153 153 0
2895 153 153 2852
2896 153 155 2852
2897 153 153 2787
2898 153 160 2787
2899 153 165 0
2900 153 153 0
2901 153 153 0
2902 153 153 0
2903 153 153 0
2904 153 153 0
2905 153 153 0
2906 153 153 0
2907 153 153 0
2908 153 159 0
2909 153 157 0
2910 153 153 0
2911 153 155 0
2912 153 153 0
2913 153 153 0
2914 153 155 0
2915 153 153 0
2916 153 153 0
2917 153 157 0
2918 153 153 0
2919 153 153 0
2920 153 153 0
2921 153 154 0
2922 153 158 0
2923 153 153 0
2924 153 165 0
2925 153 153 0
2926 153 153 0
2927 153 153 0
2928 153 153 0
2929 154 163 0
2930 154 162 0
2931 154 155 0
2932 154 158 0
2933 154 158 0
2934 154 163 0
2935 154 158 0
2936 154 158 0
2937 154 155 0
2938 154 158 0
2939 154 154 0
2940 154 171 0
2941 154 158 0
2942 154 158 0
2943 154 154 2509
2944 154 155 2509
2945 154 154 0
2946 154 158 0
2947 154 154 0
2948 154 158 0
2949 154 154 0
2950 154 154 0
2951 154 158 0
2952 154 154 0
2953 154 160 0
2954 154 163 0
2955 154 154 0
2956 154 160 0
2957 154 154 0
2958 154 154 0
2959 154 154 0
2960 154 157 0
2961 154 159 0
2962 154 163 0
2963 154 154 0
2964 154 158 0
2965 154 165 0
2966 154 163 0
2967 154 158 0
2968 154 155 0
2969 154 159 0
2970 154 154 0
2971 154 154 0
2972 154 154 0
2973 154 154 0
2974 155 164 0
2975 155 163 0
2976 155 161 0
2977 155 157 0
2978 155 169 0
2979 155 170 0
2980 155 161 0
2981 155 159 0
2982 155 156 0
2983 155 157 2842
2984 155 164 2842
2985 155 156 2554
2986 155 155 2554
2987 155 158 2857
2988 155 155 2857
2989 155 155 0
2990 155 158 0
2991 155 155 0
2992 155 164 0
2993 155 164 0
2994 155 159 0
2995 155 159 2718
2996 155 155 2718
2997 155 155 2512
2998 155 163 2512
2999 155 155 2867
3000 155 155 2867
3001 155 155 0
3002 155 155 0
3003 155 155 0
3004 155 165 0
3005 155 155 0
3006 155 156 0
3007 155 155 0
3008 155 155 0
3009 155 155 0
3010 155 164 0
3011 155 155 0
3012 155 155 0
3013 155 155 0
3014 155 156 0
3015 155 155 0
3016 155 159 0
3017 155 155 0
3018 155 155 0
3019 155 155 0
3020 155 155 0
3021 156 160 0
3022 156 160 0
3023 156 156 0
3024 156 160 0
3025 156 170 0
3026 156 180 0
3027 156 156 0
3028 156 165 0
3029 156 161 0
3030 156 165 0
3031 156 160 0
3032 156 170 0
3033 156 160 0
3034 156 160 0
3035 156 161 0
3036 156 156 0
3037 156 160 0
3038 156 156 0
3039 156 156 0
3040 156 165 0
3041 156 165 2843
3042 156 194 2843
3043 156 160 0
3044 156 156 0
3045 156 160 2944
3046 156 156 2944
3047 156 160 2911
3048 156 160 2911
3049 156 156 3011
3050 156 158 3011
3051 156 159 0
3052 156 156 0
3053 156 156 0
3054 156 158 0
3055 156 159 0
3056 156 156 0
3057 156 156 0
3058 156 156 0
3059 156 156 0
3060 156 158 0
3061 156 161 0
3062 156 156 0
3063 156 156 0
3064 156 194 0
3065 156 156 0
3066 156 156 0
3067 156 157 0
3068 156 166 0
3069 156 156 0
3070 156 160 0
3071 156 162 0
3072 156 160 0
3073 156 156 0
3074 156 156 0
3075 156 160 0
3076 156 156 0
3077 156 156 0
3078 156 156 0
3079 156 170 0
3080 156 156 0
3081 157 159 0
3082 157 158 0
3083 157 158 0
3084 157 161 0
3085 157 161 0
3086 157 157 0
3087 157 157 0
3088 157 161 0
3089 157 158 0
3090 157 161 0
3091 157 160 0
3092 157 157 0
3093 157 166 0
3094 157 157 0
3095 157 157 0
3096 157 158 0
3097 157 157 0
3098 157 161 0
3099 157 157 2985
3100 157 157 2985
3101 157 161 0
3102 157 157 0
3103 157 157 2794
3104 157 164 2794
3105 157 160 3062
3106 157 157 3062
3107 157 162 3073
3108 157 159 3073
3109 157 161 0
3110 157 159 0
3111 157 157 0
3112 157 157 0
3113 157 157 0
3114 157 157 0
3115 157 157 0
3116 157 157 0
3117 157 157 0
3118 157 157 0
3119 157 163 0
3120 157 157 0
3121 157 157 0
3122 157 157 0
3123 157 157 0
3124 157 159 0
3125 157 158 0
3126 157 157 0
3127 157 157 0
3128 158 159 0
3129 158 162 0
3130 158 162 0
3131 158 162 0
3132 158 162 0
3133 158 167 0
3134 158 161 0
3135 158 165 0
3136 158 161 0
3137 158 162 0
3138 158 160 0
3139 158 162 0
3140 158 164 0
3141 158 162 0
3142 158 159 0
3143 158 167 0
3144 158 158 3100
3145 158 158 3100
3146 158 158 0
3147 158 162 0
3148 158 164 0
3149 158 158 0
3150 158 159 3067
3151 158 158 3067
3152 158 158 0
3153 158 162 0
3154 158 158 0
3155 158 169 0
3156 158 162 2960
3157 158 172 2960
3158 158 158 0
3159 158 162 0
3160 158 158 0
3161 158 158 0
3162 158 158 0
3163 158 158 0
3164 158 158 0
3165 158 158 0
3166 158 158 0
3167 158 158 0
3168 158 159 0
3169 158 158 0
3170 158 158 0
3171 158 158 0
3172 158 162 0
3173 158 164 0
3174 158 158 0
3175 158 163 0
3176 158 158 0
3177 158 163 0
3178 158 158 0
3179 158 158 0
3180 158 158 0
3181 158 158 0
3182 158 158 0
3183 158 167 0
3184 158 158 0
3185 159 160 0
3186 159 163 0
3187 159 168 0
3188 159 160 0
3189 159 163 0
3190 159 165 0
3191 159 163 0
3192 159 162 0
3193 159 161 0
3194 159 163 0
3195 159 163 0
3196 159 163 0
3197 159 163 3096
3198 159 159 3096
3199 159 163 2990
3200 159 161 2990
3201 159 160 3050
3202 159 159 3050
3203 159 159 0
3204 159 171 0
3205 159 159 0
3206 159 163 0
3207 159 165 3054
3208 159 159 3054
3209 159 163 0
3210 159 159 0
3211 159 163 0
3212 159 173 0
3213 159 159 0
3214 159 159 0
3215 159 159 0
3216 159 159 0
3217 159 159 0
3218 159 159 0
3219 159 163 0
3220 159 159 0
3221 159 159 0
3222 159 159 0
3223 159 163 0
3224 159 159 0
3225 160 165 0
3226 160 163 0
3227 160 160 0
3228 160 160 0
3229 160 164 0
3230 160 164 0
3231 160 162 0
3232 160 163 0
3233 160 162 0
3234 160 162 0
3235 160 160 0
3236 160 160 0
3237 160 160 0
3238 160 160 0
3239 160 162 0
3240 160 162 0
3241 160 164 0
3242 160 160 0
3243 160 162 0
3244 160 160 0
3245 160 160 0
3246 160 160 0
3247 160 161 0
3248 160 162 0
3249 160 160 0
3250 160 160 0
3251 160 160 0
3252 160 160 0
3253 160 160 0
3254 160 164 0
3255 160 164 0
3256 160 164 0
3257 160 160 0
3258 160 160 0
3259 160 160 0
3260 160 169 0
3261 160 162 0
3262 161 176 0
3263 161 162 0
3264 161 165 0
3265 161 166 0
3266 161 170 0
3267 161 165 0
3268 161 173 0
3269 161 165 0
3270 161 165 0
3271 161 163 0
3272 161 165 0
3273 161 164 0
3274 161 161 0
3275 161 166 0
3276 161 164 0
3277 161 165 0
3278 161 164 0
3279 161 165 0
3280 161 161 0
3281 161 164 0
3282 161 165 3037
3283 161 161 3037
3284 161 161 3105
3285 161 162 3105
3286 161 163 2645
3287 161 161 2645
3288 161 163 3201
3289 161 161 3201
3290 161 161 0
3291 161 165 0
3292 161 165 3070
3293 161 161 3070
3294 161 161 0
3295 161 162 0
3296 161 164 2898
3297 161 161 2898
3298 161 170 0
3299 161 165 0
3300 161 161 0
3301 161 161 0
3302 161 162 0
3303 161 162 0
3304 161 161 0
3305 161 161 0
3306 161 161 0
3307 161 161 0
3308 161 161 0
3309 161 163 0
3310 161 165 0
3311 161 161 0
3312 161 161 0
3313 161 161 0
3314 161 161 0
3315 161 161 0
3316 161 161 0
3317 161 161 0
3318 161 165 0
3319 161 161 0
3320 161 163 0
3321 161 165 0
3322 161 170 0
3323 161 161 0
3324 162 163 0
3325 162 166 0
3326 162 168 0
3327 162 164 0
3328 162 166 0
3329 162 165 0
3330 162 166 0
3331 162 166 0
3332 162 166 0
3333 162 166 0
3334 162 164 0
3335 162 164 0
3336 162 167 0
3337 162 162 0
3338 162 167 0
3339 162 165 0
3340 162 162 0
3341 162 163 0
3342 162 166 0
3343 162 166 0
3344 162 162 0
3345 162 162 0
3346 162 162 0
3347 162 164 0
3348 162 162 0
3349 162 162 0
3350 162 162 0
3351 162 162 0
3352 162 162 0
3353 162 162 0
3354 162 167 0
3355 162 162 0
3356 162 166 0
3357 162 162 0
3358 162 162 0
3359 162 162 0
3360 162 166 0
3361 162 162 0
3362 162 162 0
3363 162 162 0
3364 162 162 0
3365 162 162 0
3366 162 169 0
3367 162 162 0
3368 162 164 0
3369 162 162 0
3370 162 162 0
3371 162 171 0
3372 162 162 0
3373 162 162 0
3374 162 167 0
3375 162 163 0
3376 162 166 0
3377 162 166 0
3378 162 162 0
3379 163 167 0
3380 163 167 0
3381 163 176 0
3382 163 165 0
3383 163 177 0
3384 163 167 0
3385 163 171 0
3386 163 169 0
3387 163 165 0
3388 163 167 0
3389 163 164 0
3390 163 167 0
3391 163 164 0
3392 163 167 0
3393 163 167 0
3394 163 165 0
3395 163 167 0
3396 163 163 0
3397 163 163 0
3398 163 168 0
3399 163 172 3153
3400 163 163 3153
3401 163 165 3248
3402 163 163 3248
3403 163 172 0
3404 163 163 0
3405 163 163 0
3406 163 167 0
3407 163 167 0
3408 163 167 0
3409 163 163 0
3410 163 163 0
3411 163 163 0
3412 163 165 0
3413 163 163 0
3414 163 163 0
3415 163 167 0
3416 163 163 0
3417 163 165 0
3418 163 163 0
3419 163 178 0
3420 163 166 0
3421 163 166 0
3422 163 163 0
3423 163 163 0
3424 163 166 0
3425 163 172 0
3426 163 163 0
3427 163 166 0
3428 163 163 0
3429 163 167 0
3430 163 163 0
3431 163 163 0
3432 163 163 0
3433 163 168 0
3434 163 163 0
3435 163 163 0
3436 163 163 0
3437 163 171 0
3438 163 163 0
3439 163 163 0
3440 163 164 0
3441 163 163 0
3442 163 163 0
3443 163 176 0
3444 163 163 0
3445 163 163 0
3446 163 163 0
3447 163 163 0
3448 163 163 0
3449 163 168 0
3450 163 163 0
3451 163 167 0
3452 163 164 0
3453 163 163 0
3454 163 163 0
3455 163 163 0
3456 164 164 0
3457 164 166 0
3458 164 165 0
3459 164 168 0
3460 164 168 0
3461 164 173 0
3462 164 165 0
3463 164 164 0
3464 164 165 0
3465 164 174 0
3466 164 166 0
3467 164 168 0
3468 164 167 0
3469 164 168 0
3470 164 168 0
3471 164 177 0
3472 164 168 0
3473 164 164 0
3474 164 164 0
3475 164 168 0
3476 164 168 3199
3477 164 164 3199
3478 164 164 0
3479 164 168 0
3480 164 168 3320
3481 164 164 3320
3482 164 168 2998
3483 164 166 2998
3484 164 166 0
3485 164 166 0
3486 164 164 0
3487 164 164 0
3488 164 164 0
3489 164 178 0
3490 164 164 0
3491 164 164 0
3492 164 168 0
3493 164 164 0
3494 164 168 0
3495 164 164 0
3496 164 190 0
3497 164 164 0
3498 164 164 0
3499 164 164 0
3500 164 164 0
3501 164 164 0
3502 164 164 0
3503 164 164 0
3504 164 164 0
3505 164 164 0
3506 164 165 0
3507 164 173 0
3508 164 165 0
3509 164 164 0
3510 164 166 0
3511 164 164 0
3512 164 164 0
3513 164 173 0
3514 164 164 0
3515 164 164 0
3516 164 164 0
3517 164 166 0
3518 164 164 0
3519 164 168 0
3520 164 164 0
3521 164 164 0
3522 164 164 0
3523 164 164 0
3524 164 164 0
3525 164 164 0
3526 165 179 0
3527 165 179 0
3528 165 168 0
3529 165 169 0
3530 165 165 0
3531 165 168 0
3532 165 167 0
3533 165 167 0
3534 165 166 0
3535 165 177 3347
3536 165 165 3347
3537 165 165 0
3538 165 174 0
3539 165 165 0
3540 165 171 0
3541 165 165 0
3542 165 167 0
3543 165 167 0
3544 165 165 0
3545 165 167 0
3546 165 169 0
3547 165 168 0
3548 165 165 0
3549 165 165 3511
3550 165 168 3511
3551 165 167 0
3552 165 166 0
3553 165 165 3296
3554 165 169 3296
3555 165 165 3523
3556 165 167 3523
3557 165 168 0
3558 165 165 0
3559 165 169 0
3560 165 173 0
3561 165 165 0
3562 165 165 0
3563 165 167 0
3564 165 165 0
3565 165 169 0
3566 165 165 0
3567 165 165 0
3568 165 165 0
3569 165 167 0
3570 165 165 0
3571 165 165 0
3572 165 165 0
3573 165 165 0
3574 165 166 0
3575 165 165 0
3576 165 165 0
3577 165 165 0
3578 165 167 0
3579 165 165 0
3580 165 165 0
3581 165 166 0
3582 165 168 0
3583 165 165 0
3584 165 184 0
3585 165 169 0
3586 165 165 0
3587 165 173 0
3588 165 165 0
3589 165 165 0
3590 165 169 0
3591 165 168 0
3592 165 165 0
3593 165 165 0
3594 165 165 0
3595 165 165 0
3596 165 165 0
3597 165 165 0
3598 165 165 0
3599 165 165 0
3600 165 166 0
3601 165 165 0
3602 165 165 0
3603 165 165 0
3604 165 166 0
3605 165 165 0
3606 165 174 0
3607 165 165 0
3608 165 167 0
3609 165 165 0
3610 165 165 0
3611 165 165 0
3612 165 165 0
3613 165 165 0
3614 166 171 0
3615 166 170 0
3616 166 170 0
3617 166 170 0
3618 166 169 0
3619 166 169 0
3620 166 167 0
3621 166 171 0
3622 166 166 0
3623 166 170 0
3624 166 170 0
3625 166 180 0
3626 166 170 0
3627 166 170 0
3628 166 166 0
3629 166 170 0
3630 166 166 0
3631 166 185 0
3632 166 175 0
3633 166 167 0
3634 166 168 0
3635 166 174 0
3636 166 175 0
3637 166 175 0
3638 166 180 3394
3639 166 167 3394
3640 166 167 0
3641 166 169 0
3642 166 171 0
3643 166 166 0
3644 166 166 3041
3645 166 170 3041
3646 166 168 0
3647 166 170 0
3648 166 170 0
3649 166 166 0
3650 166 169 3412
3651 166 169 3412
3652 166 169 3401
3653 166 166 3401
3654 166 166 0
3655 166 173 0
3656 166 168 0
3657 166 166 0
3658 166 169 0
3659 166 167 0
3660 166 166 0
3661 166 170 0
3662 166 166 0
3663 166 166 0
3664 166 166 0
3665 166 166 0
3666 166 166 0
3667 166 166 0
3668 166 170 0
3669 166 166 0
3670 166 166 0
3671 166 166 0
3672 166 170 0
3673 166 167 0
3674 166 167 0
3675 166 166 0
3676 166 166 0
3677 166 167 0
3678 166 182 0
3679 166 166 0
3680 166 166 0
3681 166 169 0
3682 166 170 0
3683 166 167 0
3684 166 170 0
3685 166 166 0
3686 166 166 0
3687 166 173 0
3688 166 166 0
3689 166 166 0
3690 166 166 0
3691 166 167 0
3692 166 166 0
3693 166 166 0
3694 166 166 0
3695 166 166 0
3696 166 175 0
3697 166 175 0
3698 166 170 0
3699 166 166 0
3700 166 168 0
3701 166 175 0
3702 166 166 0
3703 166 167 0
3704 166 168 0
3705 166 168 0
3706 166 166 0
3707 167 167 0
3708 167 169 0
3709 167 171 0
3710 167 177 0
3711 167 169 0
3712 167 170 0
3713 167 171 0
3714 167 167 0
3715 167 170 0
3716 167 168 0
3717 167 167 3485
3718 167 167 3485
3719 167 170 0
3720 167 170 0
3721 167 168 0
3722 167 167 0
3723 167 170 3581
3724 167 171 3581
3725 167 171 3420
3726 167 171 3420
3727 167 171 0
3728 167 169 0
3729 167 168 3424
3730 167 167 3424
3731 167 172 3694
3732 167 167 3694
3733 167 171 3483
3734 167 167 3483
3735 167 167 0
3736 167 171 0
3737 167 167 0
3738 167 167 0
3739 167 167 0
3740 167 172 0
3741 167 171 0
3742 167 167 0
3743 167 167 0
3744 167 167 0
3745 167 167 0
3746 167 167 0
3747 167 167 0
3748 167 167 0
3749 167 167 0
3750 167 168 0
3751 167 167 0
3752 167 167 0
3753 167 167 0
3754 167 167 0
3755 167 172 0
3756 167 167 0
3757 167 167 0
3758 167 171 0
3759 167 167 0
3760 167 167 0
3761 167 167 0
3762 167 167 0
3763 167 167 0
3764 167 171 0
3765 167 167 0
3766 167 170 0
3767 167 167 0
3768 167 167 0
3769 167 167 0
3770 167 171 0
3771 167 167 0
3772 167 171 0
3773 167 167 0
3774 167 168 0
3775 167 167 0
3776 167 168 0
3777 167 172 0
3778 167 167 0
3779 167 167 0
3780 167 167 0
3781 167 167 0
3782 167 167 0
3783 167 170 0
3784 167 167 0
3785 167 167 0
3786 167 167 0
3787 168 172 0
3788 168 169 0
3789 168 169 0
3790 168 175 0
3791 168 168 0
3792 168 172 0
3793 168 171 0
3794 168 172 0
3795 168 172 0
3796 168 172 0
3797 168 172 0
3798 168 182 0
3799 168 172 0
3800 168 168 0
3801 168 172 0
3802 168 169 0
3803 168 172 0
3804 168 177 0
3805 168 174 0
3806 168 172 0
3807 168 171 0
3808 168 172 3563
3809 168 168 3563
3810 168 169 0
3811 168 182 0
3812 168 168 3640
3813 168 172 3640
3814 168 168 3542
3815 168 172 3542
3816 168 172 3673
3817 168 168 3673
3818 168 175 3551
3819 168 176 3551
3820 168 168 0
3821 168 172 0
3822 168 177 0
3823 168 168 0
3824 168 178 3703
3825 168 168 3703
3826 168 173 0
3827 168 168 0
3828 168 168 0
3829 168 172 0
3830 168 168 0
3831 168 173 0
3832 168 173 0
3833 168 169 0
3834 168 168 0
3835 168 168 0
3836 168 177 0
3837 168 168 0
3838 168 168 0
3839 168 170 0
3840 168 168 0
3841 168 168 0
3842 168 168 0
3843 168 168 0
3844 168 168 0
3845 168 170 0
3846 168 168 0
3847 168 168 0
3848 168 168 0
3849 168 168 0
3850 168 172 0
3851 168 168 0
3852 168 169 0
3853 168 173 0
3854 168 168 0
3855 168 169 0
3856 168 169 0
3857 168 172 0
3858 168 168 0
3859 168 168 0
3860 168 172 0
3861 168 171 0
3862 168 168 0
3863 168 171 0
3864 168 168 0
3865 168 168 0
3866 168 168 0
3867 168 168 0
3868 168 168 0
3869 168 168 0
3870 168 172 0
3871 168 169 0
3872 168 169 0
3873 168 173 0
3874 168 172 0
3875 168 183 0
3876 168 168 0
3877 168 168 0
3878 168 168 0
3879 168 174 0
3880 168 172 0
3881 168 169 0
3882 168 169 0
3883 168 168 0
3884 168 172 0
3885 168 172 0
3886 168 173 0
3887 168 168 0
3888 168 169 0
3889 169 174 0
3890 169 171 0
3891 169 169 0
3892 169 178 0
3893 169 171 0
3894 169 169 0
3895 169 169 0
3896 169 174 0
3897 169 178 0
3898 169 170 0
3899 169 183 0
3900 169 170 0
3901 169 172 0
3902 169 169 0
3903 169 173 0
3904 169 169 0
3905 169 173 0
3906 169 169 3656
3907 169 178 3656
3908 169 173 3840
3909 169 173 3840
3910 169 173 3750
3911 169 169 3750
3912 169 173 0
3913 169 169 0
3914 169 186 3729
3915 169 169 3729
3916 169 178 0
3917 169 171 0
3918 169 171 0
3919 169 173 0
3920 169 169 0
3921 169 174 0
3922 169 172 0
3923 169 176 0
3924 169 169 3704
3925 169 173 3704
3926 169 169 0
3927 169 169 0
3928 169 169 0
3929 169 169 0
3930 169 169 0
3931 169 169 0
3932 169 188 0
3933 169 169 0
3934 169 170 0
3935 169 169 0
3936 169 173 0
3937 169 173 0
3938 169 169 0
3939 169 173 0
3940 169 169 0
3941 169 173 0
3942 169 169 0
3943 169 175 0
3944 169 169 0
3945 169 170 0
3946 169 169 0
3947 169 169 0
3948 169 169 0
3949 169 169 0
3950 169 169 0
3951 169 173 0
3952 169 173 0
3953 169 169 0
3954 169 169 0
3955 169 169 0
3956 169 169 0
3957 169 169 0
3958 169 169 0
3959 169 169 0
3960 169 170 0
3961 169 169 0
3962 169 169 0
3963 169 179 0
3964 169 169 0
3965 169 175 0
3966 169 175 0
3967 169 172 0
3968 169 169 0
3969 169 169 0
3970 169 169 0
3971 169 169 0
3972 169 169 0
3973 169 169 0
3974 169 169 0
3975 169 173 0
3976 169 169 0
3977 169 169 0
3978 169 175 0
3979 169 169 0
3980 169 169 0
3981 169 177 0
3982 170 173 0
3983 170 170 0
3984 170 174 0
3985 170 180 0
3986 170 184 0
3987 170 171 0
3988 170 174 0
3989 170 177 0
3990 170 170 0
3991 170 174 3641
3992 170 170 3641
3993 170 170 3546
3994 170 174 3546
3995 170 174 3366
3996 170 174 3366
3997 170 170 3855
3998 170 176 3855
3999 170 194 3652
4000 170 174 3652
4001 170 174 0
4002 170 170 0
4003 170 174 3968
4004 170 170 3968
4005 170 170 3979
4006 170 171 3979
4007 170 170 0
4008 170 178 0
4009 170 170 0
4010 170 174 0
4011 170 174 0
4012 170 170 0
4013 170 173 0
4014 170 178 0
4015 170 170 0
4016 170 170 0
4017 170 170 0
4018 170 170 0
4019 170 170 0
4020 170 170 0
4021 170 170 0
4022 170 175 0
4023 170 179 0
4024 170 174 0
4025 170 170 0
4026 170 172 0
4027 170 170 0
4028 170 171 0
4029 170 170 0
4030 170 170 0
4031 170 170 0
4032 170 170 0
4033 170 170 0
4034 170 179 0
4035 170 181 0
4036 170 189 0
4037 170 174 0
4038 170 170 0
4039 170 179 0
4040 170 173 0
4041 170 170 0
4042 170 170 0
4043 170 170 0
4044 170 170 0
4045 170 170 0
4046 170 174 0
4047 170 175 0
4048 170 173 0
4049 170 173 0
4050 170 170 0
4051 170 174 0
4052 170 170 0
4053 170 170 0
4054 170 170 0
4055 170 171 0
4056 170 171 0
4057 170 170 0
4058 170 172 0
4059 170 170 0
4060 170 177 0
4061 170 170 0
4062 170 174 0
4063 170 189 0
4064 170 171 0
4065 170 170 0
4066 170 170 0
4067 170 170 0
4068 170 170 0
4069 171 171 0
4070 171 175 0
4071 171 175 0
4072 171 175 0
4073 171 177 0
4074 171 175 0
4075 171 175 0
4076 171 173 0
4077 171 175 0
4078 171 171 0
4079 171 178 0
4080 171 173 0
4081 171 173 0
4082 171 175 0
4083 171 194 0
4084 171 172 0
4085 171 175 0
4086 171 175 0
4087 171 177 0
4088 171 180 0
4089 171 172 0
4090 171 175 0
4091 171 175 4015
4092 171 171 4015
4093 171 171 0
4094 171 183 0
4095 171 175 0
4096 171 171 0
4097 171 174 0
4098 171 173 0
4099 171 175 3322
4100 171 171 3322
4101 171 171 0
4102 171 175 0
4103 171 175 0
4104 171 175 0
4105 171 171 0
4106 171 175 0
4107 171 171 0
4108 171 171 0
4109 171 171 0
4110 171 171 0
4111 171 171 0
4112 171 180 0
4113 171 171 0
4114 171 175 0
4115 171 182 0
4116 171 175 0
4117 171 171 0
4118 171 173 0
4119 171 180 0
4120 171 171 0
4121 171 172 0
4122 171 175 0
4123 171 171 0
4124 171 175 0
4125 171 178 0
4126 171 175 0
4127 171 175 0
4128 171 171 0
4129 171 171 0
4130 171 175 0
4131 171 175 0
4132 171 171 0
4133 171 171 0
4134 171 171 0
4135 171 171 0
4136 171 175 0
4137 171 171 0
4138 171 171 0
4139 171 180 0
4140 171 171 0
4141 171 171 0
4142 171 180 0
4143 171 171 0
4144 171 176 0
4145 171 171 0
4146 171 172 0
4147 171 173 0
4148 171 171 0
4149 171 171 0
4150 171 175 0
4151 171 171 0
4152 171 177 0
4153 171 173 0
4154 171 171 0
4155 171 175 0
4156 171 175 0
4157 171 171 0
4158 171 171 0
4159 171 174 0
4160 171 171 0
4161 172 174 0
4162 172 179 0
4163 172 172 0
4164 172 172 0
4165 172 176 0
4166 172 188 0
4167 172 181 0
4168 172 181 0
4169 172 184 0
4170 172 181 0
4171 172 182 0
4172 172 176 0
4173 172 176 0
4174 172 176 0
4175 172 176 0
4176 172 172 0
4177 172 172 4111
4178 172 172 4111
4179 172 194 0
4180 172 172 0
4181 172 172 4028
4182 172 191 4028
4183 172 186 0
4184 172 172 0
4185 172 176 3204
4186 172 180 3204
4187 172 173 3918
4188 172 172 3918
4189 172 173 4006
4190 172 194 4006
4191 172 176 0
4192 172 179 0
4193 172 172 0
4194 172 176 0
4195 172 176 0
4196 172 172 0
4197 172 172 0
4198 172 172 0
4199 172 193 0
4200 172 193 0
4201 172 194 0
4202 172 173 0
4203 172 176 0
4204 172 172 0
4205 172 172 0
4206 172 172 0
4207 172 176 0
4208 172 172 0
4209 172 177 0
4210 172 176 0
4211 172 172 0
4212 172 175 0
4213 172 172 0
4214 172 177 0
4215 172 172 0
4216 172 172 0
4217 172 174 0
4218 172 173 0
4219 172 172 0
4220 172 194 0
4221 172 172 0
4222 172 173 0
4223 172 172 0
4224 172 173 0
4225 172 172 0
4226 172 176 0
4227 172 176 0
4228 172 172 0
4229 172 173 0
4230 172 172 0
4231 172 175 0
4232 172 172 0
4233 172 172 0
4234 172 174 0
4235 172 172 0
4236 172 172 0
4237 173 177 0
4238 173 174 0
4239 173 175 0
4240 173 177 0
4241 173 182 0
4242 173 174 0
4243 173 177 0
4244 173 173 0
4245 173 178 0
4246 173 177 0
4247 173 177 0
4248 173 177 0
4249 173 175 0
4250 173 177 0
4251 173 177 0
4252 173 177 0
4253 173 178 0
4254 173 176 0
4255 173 177 0
4256 173 173 0
4257 173 177 0
4258 173 177 0
4259 173 175 0
4260 173 174 0
4261 173 173 0
4262 173 175 0
4263 173 173 0
4264 173 173 0
4265 173 177 0
4266 173 194 4026
4267 173 173 4026
4268 173 187 3880
4269 173 173 3880
4270 173 177 3777
4271 173 173 3777
4272 173 173 0
4273 173 177 0
4274 173 173 0
4275 173 173 0
4276 173 177 0
4277 173 173 0
4278 173 179 0
4279 173 173 0
4280 173 178 0
4281 173 173 0
4282 173 177 0
4283 173 174 0
4284 173 176 0
4285 173 173 0
4286 173 173 0
4287 173 173 0
4288 173 173 0
4289 173 173 0
4290 173 173 0
4291 173 190 0
4292 173 176 0
4293 173 178 0
4294 173 173 0
4295 173 173 0
4296 173 173 0
4297 173 175 0
4298 173 178 0
4299 173 173 0
4300 173 173 0
4301 173 173 0
4302 173 173 0
4303 173 179 0
4304 173 177 0
4305 173 177 0
4306 173 173 0
4307 174 177 0
4308 174 175 0
4309 174 194 0
4310 174 176 0
4311 174 176 0
4312 174 174 0
4313 174 183 0
4314 174 178 0
4315 174 179 0
4316 174 178 0
4317 174 178 0
4318 174 177 0
4319 174 184 0
4320 174 178 0
4321 174 174 0
4322 174 194 0
4323 174 177 4118
4324 174 174 4118
4325 174 174 4202
4326 174 176 4202
4327 174 174 3936
4328 174 176 3936
4329 174 183 3587
4330 174 193 3587
4331 174 175 0
4332 174 177 0
4333 174 188 3655
4334 174 176 3655
4335 174 190 3560
4336 174 174 3560
4337 174 176 0
4338 174 174 0
4339 174 174 0
4340 174 174 0
4341 174 175 0
4342 174 174 0
4343 174 174 0
4344 174 175 0
4345 174 174 0
4346 174 174 0
4347 174 178 0
4348 174 174 0
4349 174 174 0
4350 174 174 0
4351 174 174 0
4352 174 174 0
4353 174 174 0
4354 174 178 0
4355 174 174 0
4356 174 175 0
4357 174 180 0
4358 174 174 0
4359 174 178 0
4360 174 183 0
4361 174 174 0
4362 174 178 0
4363 174 176 0
4364 174 174 0
4365 174 177 0
4366 174 175 0
4367 174 175 0
4368 174 178 0
4369 174 188 0
4370 174 178 0
4371 174 176 0
4372 174 177 0
4373 174 174 0
4374 174 177 0
4375 174 178 0
4376 174 174 0
4377 174 174 0
4378 174 174 0
4379 174 174 0
4380 175 179 0
4381 175 179 0
4382 175 189 0
4383 175 179 0
4384 175 179 0
4385 175 179 0
4386 175 176 0
4387 175 179 0
4388 175 179 0
4389 175 182 0
4390 175 177 0
4391 175 184 0
4392 175 176 0
4393 175 175 0
4394 175 179 0
4395 175 179 0
4396 175 188 0
4397 175 176 0
4398 175 175 0
4399 175 180 4324
4400 175 179 4324
4401 175 191 0
4402 175 194 0
4403 175 175 0
4404 175 178 0
4405 175 177 3921
4406 175 175 3921
4407 175 181 4159
4408 175 179 4159
4409 175 175 0
4410 175 175 0
4411 175 175 0
4412 175 175 0
4413 175 175 0
4414 175 179 0
4415 175 175 0
4416 175 175 0
4417 175 175 0
4418 175 175 0
4419 175 175 0
4420 175 175 0
4421 175 177 0
4422 175 175 0
4423 175 184 0
4424 175 175 0
4425 175 175 0
4426 175 175 0
4427 175 175 0
4428 175 175 0
4429 175 178 0
4430 175 179 0
4431 175 175 0
4432 175 179 0
4433 175 194 0
4434 175 175 0
4435 175 179 0
4436 175 175 0
4437 175 175 0
4438 175 184 0
4439 175 175 0
4440 175 184 0
4441 175 182 0
4442 175 175 0
4443 175 175 0
4444 175 175 0
4445 175 178 0
4446 175 185 0
4447 175 175 0
4448 175 177 0
4449 175 175 0
4450 175 175 0
4451 175 176 0
4452 175 175 0
4453 175 177 0
4454 175 175 0
4455 175 179 0
4456 175 192 0
4457 175 179 0
4458 175 175 0
4459 175 179 0
4460 176 181 0
4461 176 178 0
4462 176 182 0
4463 176 189 0
4464 176 177 0
4465 176 177 0
4466 176 178 0
4467 176 182 0
4468 176 180 0
4469 176 177 0
4470 176 176 0
4471 176 185 0
4472 176 178 0
4473 176 180 0
4474 176 194 0
4475 176 180 0
4476 176 180 0
4477 176 178 0
4478 176 176 0
4479 176 180 0
4480 176 180 0
4481 176 192 0
4482 176 190 0
4483 176 177 0
4484 176 188 0
4485 176 183 0
4486 176 176 0
4487 176 190 0
4488 176 177 0
4489 176 178 0
4490 176 180 0
4491 176 180 0
4492 176 180 0
4493 176 180 4341
4494 176 177 4341
4495 176 178 4262
4496 176 194 4262
4497 176 190 0
4498 176 190 0
4499 176 176 4344
4500 176 183 4344
4501 176 176 4212
4502 176 179 4212
4503 176 180 3965
4504 176 176 3965
4505 176 176 3966
4506 176 179 3966
4507 176 176 0
4508 176 180 0
4509 176 180 4458
4510 176 176 4458
4511 176 176 0
4512 176 176 0
4513 176 176 0
4514 176 177 0
4515 176 179 0
4516 176 176 0
4517 176 176 0
4518 176 176 0
4519 176 176 0
4520 176 176 0
4521 176 176 0
4522 176 179 0
4523 176 176 0
4524 176 176 0
4525 176 177 0
4526 176 176 0
4527 176 176 0
4528 176 176 0
4529 176 176 0
4530 176 176 0
4531 176 177 0
4532 176 176 0
4533 176 176 0
4534 176 176 0
4535 176 176 0
4536 176 176 0
4537 176 180 0
4538 176 176 0
4539 176 176 0
4540 176 176 0
4541 176 185 0
4542 176 177 0
4543 176 179 0
4544 176 176 0
4545 176 176 0
4546 176 176 0
4547 176 180 0
4548 176 179 0
4549 176 176 0
4550 176 176 0
4551 176 176 0
4552 176 181 0
4553 176 176 0
4554 176 180 0
4555 177 177 0
4556 177 179 0
4557 177 181 0
4558 177 178 0
4559 177 178 0
4560 177 181 0
4561 177 181 0
4562 177 179 0
4563 177 181 0
4564 177 181 0
4565 177 181 0
4566 177 191 0
4567 177 181 0
4568 177 177 0
4569 177 177 4397
4570 177 178 4397
4571 177 181 4328
4572 177 177 4328
4573 177 177 4284
4574 177 185 4284
4575 177 180 0
4576 177 181 0
4577 177 177 0
4578 177 185 0
4579 177 191 0
4580 177 178 0
4581 177 181 3819
4582 177 177 3819
4583 177 177 0
4584 177 181 0
4585 177 177 0
4586 177 181 0
4587 177 177 0
4588 177 181 0
4589 177 177 4550
4590 177 178 4550
4591 177 178 0
4592 177 179 0
4593 177 181 0
4594 177 181 0
4595 177 190 0
4596 177 177 0
4597 177 179 0
4598 177 181 0
4599 177 177 0
4600 177 177 0
4601 177 177 0
4602 177 181 0
4603 177 180 0
4604 177 177 0
4605 177 177 0
4606 177 181 0
4607 177 181 0
4608 177 177 0
4609 177 177 0
4610 177 177 0
4611 177 178 0
4612 177 178 0
4613 177 177 0
4614 177 177 0
4615 177 177 0
4616 177 177 0
4617 177 178 0
4618 177 177 0
4619 177 180 0
4620 177 177 0
4621 177 178 0
4622 177 180 0
4623 177 181 0
4624 177 181 0
4625 177 181 0
4626 177 177 0
4627 177 178 0
4628 177 181 0
4629 177 181 0
4630 177 177 0
4631 177 177 0
4632 177 178 0
4633 177 178 0
4634 177 177 0
4635 177 177 0
4636 177 177 0
4637 177 181 0
4638 177 179 0
4639 177 177 0
4640 177 177 0
4641 177 177 0
4642 177 193 0
4643 177 194 0
4644 178 187 0
4645 178 182 0
4646 178 187 0
4647 178 178 0
4648 178 192 0
4649 178 182 0
4650 178 179 0
4651 178 182 0
4652 178 182 0
4653 178 182 0
4654 178 182 0
4655 178 181 0
4656 178 182 0
4657 178 182 0
4658 178 186 0
4659 178 183 0
4660 178 188 0
4661 178 192 0
4662 178 179 0
4663 178 182 0
4664 178 187 0
4665 178 187 0
4666 178 194 0
4667 178 182 0
4668 178 187 4323
4669 178 178 4323
4670 178 182 0
4671 178 184 0
4672 178 178 0
4673 178 182 0
4674 178 185 4531
4675 178 178 4531
4676 178 179 0
4677 178 180 0
4678 178 188 4582
4679 178 178 4582
4680 178 178 4332
4681 178 188 4332
4682 178 178 0
4683 178 178 0
4684 178 180 4405
4685 178 178 4405
4686 178 185 3981
4687 178 178 3981
4688 178 178 4374
4689 178 180 4374
4690 178 182 0
4691 178 178 0
4692 178 178 0
4693 178 178 0
4694 178 178 0
4695 178 187 0
4696 178 178 0
4697 178 178 0
4698 178 182 0
4699 178 181 0
4700 178 192 0
4701 178 178 0
4702 178 178 0
4703 178 192 0
4704 178 178 0
4705 178 181 0
4706 178 178 0
4707 178 181 0
4708 178 190 0
4709 178 178 0
4710 178 178 0
4711 178 178 0
4712 178 184 0
4713 178 178 0
4714 178 178 0
4715 178 183 0
4716 178 178 0
4717 178 178 0
4718 178 181 0
4719 178 178 0
4720 178 179 0
4721 178 178 0
4722 178 179 0
4723 178 180 0
4724 178 182 0
4725 178 178 0
4726 178 182 0
4727 178 178 0
4728 178 182 0
4729 178 178 0
4730 178 178 0
4731 178 178 0
4732 178 178 0
4733 178 182 0
4734 178 178 0
4735 178 187 0
4736 179 194 0
4737 179 180 0
4738 179 194 0
4739 179 183 0
4740 179 186 0
4741 179 184 0
4742 179 181 0
4743 179 194 0
4744 179 193 0
4745 179 193 0
4746 179 181 0
4747 179 180 0
4748 179 194 0
4749 179 194 0
4750 179 179 0
4751 179 180 0
4752 179 183 0
4753 179 188 0
4754 179 179 4570
4755 179 180 4570
4756 179 181 4014
4757 179 179 4014
4758 179 183 3419
4759 179 179 3419
4760 179 179 0
4761 179 183 0
4762 179 179 4404
4763 179 184 4404
4764 179 187 0
4765 179 179 0
4766 179 179 4617
4767 179 179 4617
4768 179 190 0
4769 179 183 0
4770 179 183 4008
4771 179 179 4008
4772 179 179 3824
4773 179 193 3824
4774 179 179 0
4775 179 183 0
4776 179 179 0
4777 179 179 0
4778 179 179 0
4779 179 179 0
4780 179 179 0
4781 179 179 0
4782 179 179 0
4783 179 179 0
4784 179 181 0
4785 179 188 0
4786 179 179 0
4787 179 180 0
4788 179 179 0
4789 179 179 0
4790 179 179 0
4791 179 179 0
4792 179 188 0
4793 179 179 0
4794 179 179 0
4795 179 179 0
4796 179 179 0
4797 179 180 0
4798 179 179 0
4799 179 179 0
4800 179 180 0
4801 179 179 0
4802 179 179 0
4803 179 179 0
4804 179 179 0
4805 179 179 0
4806 179 179 0
4807 180 183 0
4808 180 184 0
4809 180 181 0
4810 180 181 0
4811 180 180 0
4812 180 184 0
4813 180 194 0
4814 180 189 0
4815 180 182 0
4816 180 182 0
4817 180 194 0
4818 180 185 0
4819 180 185 0
4820 180 194 0
4821 180 184 0
4822 180 181 0
4823 180 180 0
4824 180 184 0
4825 180 190 0
4826 180 183 0
4827 180 181 4597
4828 180 180 4597
4829 180 183 4522
4830 180 185 4522
4831 180 186 0
4832 180 180 0
4833 180 180 0
4834 180 190 0
4835 180 184 4720
4836 180 182 4720
4837 180 180 4502
4838 180 186 4502
4839 180 182 4506
4840 180 187 4506
4841 180 184 0
4842 180 180 0
4843 180 187 4380
4844 180 180 4380
4845 180 182 4543
4846 180 181 4543
4847 180 181 4192
4848 180 180 4192
4849 180 180 4457
4850 180 193 4457
4851 180 189 0
4852 180 180 0
4853 180 181 0
4854 180 184 0
4855 180 180 0
4856 180 189 0
4857 180 180 0
4858 180 180 0
4859 180 180 0
4860 180 180 0
4861 180 180 0
4862 180 180 0
4863 180 180 0
4864 180 180 0
4865 180 180 0
4866 180 180 0
4867 180 180 0
4868 180 180 0
4869 180 194 0
4870 180 180 0
4871 180 180 0
4872 180 181 0
4873 180 180 0
4874 180 180 0
4875 180 180 0
4876 180 190 0
4877 180 180 0
4878 180 180 0
4879 180 182 0
4880 180 186 0
4881 180 180 0
4882 180 181 0
4883 180 181 0
4884 180 194 0
4885 180 184 0
4886 180 180 0
4887 180 180 0
4888 180 180 0
4889 180 184 0
4890 180 180 0
4891 180 180 0
4892 180 180 0
4893 180 182 0
4894 180 184 0
4895 180 180 0
4896 180 182 0
4897 180 180 0
4898 180 180 0
4899 180 181 0
4900 180 180 0
4901 180 180 0
4902 180 181 0
4903 180 182 0
4904 181 191 0
4905 181 185 0
4906 181 188 0
4907 181 185 0
4908 181 190 0
4909 181 183 0
4910 181 181 0
4911 181 185 0
4912 181 185 0
4913 181 182 0
4914 181 191 0
4915 181 187 0
4916 181 190 0
4917 181 182 0
4918 181 185 0
4919 181 183 0
4920 181 181 0
4921 181 191 0
4922 181 181 0
4923 181 190 0
4924 181 189 0
4925 181 185 4112
4926 181 181 4112
4927 181 190 4755
4928 181 190 4755
4929 181 181 4823
4930 181 185 4823
4931 181 187 4575
4932 181 181 4575
4933 181 193 4865
4934 181 181 4865
4935 181 181 4186
4936 181 183 4186
4937 181 184 4357
4938 181 181 4357
4939 181 181 4797
4940 181 182 4797
4941 181 185 4684
4942 181 185 4684
4943 181 188 0
4944 181 181 0
4945 181 182 0
4946 181 181 0
4947 181 185 4508
4948 181 181 4508
4949 181 181 0
4950 181 189 0
4951 181 181 0
4952 181 185 0
4953 181 194 0
4954 181 181 0
4955 181 183 0
4956 181 186 0
4957 181 194 0
4958 181 181 0
4959 181 181 0
4960 181 181 0
4961 181 190 0
4962 181 182 0
4963 181 181 0
4964 181 188 0
4965 181 183 0
4966 181 181 0
4967 181 181 0
4968 181 185 0
4969 181 181 0
4970 181 181 0
4971 181 181 0
4972 181 181 0
4973 181 185 0
4974 181 181 0
4975 181 181 0
4976 181 181 0
4977 181 181 0
4978 181 185 0
4979 181 185 0
4980 181 181 0
4981 181 181 0
4982 181 182 0
4983 181 181 0
4984 181 181 0
4985 181 181 0
4986 181 181 0
4987 181 181 0
4988 181 190 0
4989 181 181 0
4990 181 181 0
4991 181 181 0
4992 181 181 0
4993 181 182 0
4994 181 181 0
4995 181 181 0
4996 181 181 0
4997 182 185 0
4998 182 194 0
4999 182 186 0
5000 182 185 0
5001 182 183 0
5002 182 194 0
5003 182 184 0
5004 182 190 0
5005 182 186 0
5006 182 194 0
5007 182 185 0
5008 182 194 0
5009 182 186 0
5010 182 191 0
5011 182 186 0
5012 182 193 0
5013 182 184 0
5014 182 191 0
5015 182 185 0
5016 182 182 0
5017 182 184 0
5018 182 182 0
5019 182 186 0
5020 182 186 0
5021 182 182 0
5022 182 191 0
5023 182 192 4756
5024 182 182 4756
5025 182 182 4853
5026 182 186 4853
5027 182 182 4827
5028 182 191 4827
5029 182 194 4951
5030 182 183 4951
5031 182 182 0
5032 182 194 0
5033 182 182 4872
5034 182 184 4872
5035 182 184 4035
5036 182 183 4035
5037 182 191 4705
5038 182 182 4705
5039 182 186 0
5040 182 189 0
5041 182 182 4624
5042 182 186 4624
5043 182 185 4407
5044 182 182 4407
5045 182 187 4847
5046 182 182 4847
5047 182 182 4994
5048 182 186 4994
5049 182 188 4902
5050 182 182 4902
5051 182 182 0
5052 182 187 0
5053 182 182 0
5054 182 182 0
5055 182 182 0
5056 182 182 0
5057 182 184 0
5058 182 182 0
5059 182 184 0
5060 182 182 0
5061 182 182 0
5062 182 186 0
5063 182 182 0
5064 182 182 0
5065 182 182 0
5066 182 182 0
5067 182 185 0
5068 182 183 0
5069 182 182 0
5070 182 182 0
5071 182 182 0
5072 182 182 0
5073 182 185 0
5074 182 183 0
5075 182 182 0
5076 182 182 0
5077 182 182 0
5078 182 186 0
5079 182 182 0
5080 182 188 0
5081 182 186 0
5082 182 182 0
5083 182 191 0
5084 182 182 0
5085 182 182 0
5086 182 187 0
5087 182 190 0
5088 182 187 0
5089 182 182 0
5090 182 186 0
5091 182 182 0
5092 182 186 0
5093 182 182 0
5094 182 185 0
5095 182 186 0
5096 182 194 0
5097 182 182 0
5098 182 183 0
5099 182 185 0
5100 182 182 0
5101 182 182 0
5102 182 188 0
5103 182 182 0
5104 182 182 0
5105 182 182 0
5106 182 184 0
5107 182 183 0
5108 182 186 0
5109 182 182 0
5110 182 182 0
5111 182 182 0
5112 182 182 0
5113 182 182 0
5114 183 190 0
5115 183 184 0
5116 183 187 0
5117 183 183 0
5118 183 183 0
5119 183 192 0
5120 183 187 0
5121 183 194 0
5122 183 194 0
5123 183 194 0
5124 183 194 0
5125 183 183 0
5126 183 194 0
5127 183 184 0
5128 183 192 0
5129 183 194 0
5130 183 188 0
5131 183 193 0
5132 183 183 3811
5133 183 186 3811
5134 183 192 4115
5135 183 183 4115
5136 183 187 0
5137 183 183 0
5138 183 187 0
5139 183 194 0
5140 183 183 4845
5141 183 187 4845
5142 183 187 4945
5143 183 183 4945
5144 183 185 0
5145 183 183 0
5146 183 187 0
5147 183 187 0
5148 183 192 0
5149 183 183 0
5150 183 183 0
5151 183 183 0
5152 183 192 0
5153 183 194 0
5154 183 183 0
5155 183 185 0
5156 183 183 0
5157 183 186 0
5158 183 194 0
5159 183 184 0
5160 183 183 0
5161 183 183 0
5162 183 187 0
5163 183 186 0
5164 183 183 0
5165 183 183 0
5166 183 184 0
5167 183 183 0
5168 183 186 0
5169 183 183 0
5170 183 187 0
5171 183 183 0
5172 183 183 0
5173 183 183 0
5174 183 183 0
5175 183 184 0
5176 183 183 0
5177 183 183 0
5178 183 187 0
5179 183 187 0
5180 183 183 0
5181 183 183 0
5182 183 183 0
5183 183 192 0
5184 183 183 0
5185 183 183 0
5186 183 187 0
5187 183 183 0
5188 183 183 0
5189 183 187 0
5190 183 187 0
5191 184 187 0
5192 184 187 0
5193 184 188 0
5194 184 188 0
5195 184 193 0
5196 184 188 0
5197 184 188 0
5198 184 193 0
5199 184 185 0
5200 184 185 0
5201 184 188 0
5202 184 184 0
5203 184 187 0
5204 184 184 4094
5205 184 185 4094
5206 184 190 0
5207 184 184 0
5208 184 188 0
5209 184 184 0
5210 184 184 0
5211 184 186 0
5212 184 188 3875
5213 184 184 3875
5214 184 194 0
5215 184 184 0
5216 184 184 5107
5217 184 185 5107
5218 184 184 0
5219 184 184 0
5220 184 184 0
5221 184 184 0
5222 184 184 0
5223 184 184 0
5224 184 184 0
5225 184 184 0
5226 184 188 0
5227 184 184 0
5228 184 184 0
5229 184 184 0
5230 184 184 0
5231 184 186 0
5232 184 184 0
5233 184 188 0
5234 184 184 0
5235 184 188 0
5236 184 194 0
5237 184 194 0
5238 184 184 0
5239 184 194 0
5240 184 193 0
5241 184 184 0
5242 184 184 0
5243 184 184 0
5244 184 184 0
5245 184 194 0
5246 184 185 0
5247 184 184 0
5248 184 185 0
5249 184 184 0
5250 184 193 0
5251 184 188 0
5252 184 184 0
5253 184 184 0
5254 184 184 0
5255 184 184 0
5256 184 184 0
5257 184 184 0
5258 184 184 0
5259 184 184 0
5260 184 188 0
5261 184 186 0
5262 184 184 0
5263 184 184 0
5264 184 188 0
5265 184 185 0
5266 185 190 0
5267 185 185 0
5268 185 189 0
5269 185 189 0
5270 185 185 0
5271 185 190 0
5272 185 191 0
5273 185 193 0
5274 185 189 0
5275 185 189 0
5276 185 188 0
5277 185 186 0
5278 185 189 0
5279 185 185 0
5280 185 189 5059
5281 185 185 5059
5282 185 185 0
5283 185 186 0
5284 185 186 4423
5285 185 186 4423
5286 185 185 5034
5287 185 186 5034
5288 185 185 4763
5289 185 192 4763
5290 185 189 0
5291 185 192 0
5292 185 185 4841
5293 185 194 4841
5294 185 185 0
5295 185 185 0
5296 185 189 0
5297 185 185 0
5298 185 186 0
5299 185 189 0
5300 185 192 0
5301 185 185 0
5302 185 189 0
5303 185 186 0
5304 185 185 0
5305 185 185 0
5306 185 189 0
5307 185 185 0
5308 185 185 0
5309 185 185 0
5310 185 185 0
5311 185 185 0
5312 185 186 0
5313 185 193 0
5314 185 185 0
5315 185 185 0
5316 185 185 0
5317 185 188 0
5318 185 193 0
5319 185 187 0
5320 185 185 0
5321 185 189 0
5322 185 185 0
5323 185 185 0
5324 185 185 0
5325 185 185 0
5326 185 189 0
5327 185 185 0
5328 185 185 0
5329 185 192 0
5330 185 189 0
5331 185 190 0
5332 185 192 0
5333 185 189 0
5334 185 185 0
5335 186 187 0
5336 186 190 0
5337 186 186 0
5338 186 190 0
5339 186 194 0
5340 186 194 0
5341 186 188 0
5342 186 190 0
5343 186 187 0
5344 186 190 0
5345 186 194 0
5346 186 190 0
5347 186 190 0
5348 186 194 0
5349 186 194 0
5350 186 188 0
5351 186 190 0
5352 186 189 0
5353 186 186 5205
5354 186 189 5205
5355 186 191 4574
5356 186 186 4574
5357 186 194 0
5358 186 186 0
5359 186 186 0
5360 186 194 0
5361 186 186 4674
5362 186 192 4674
5363 186 194 0
5364 186 190 0
5365 186 194 0
5366 186 186 0
5367 186 190 0
5368 186 186 0
5369 186 194 5144
5370 186 186 5144
5371 186 186 0
5372 186 194 0
5373 186 186 0
5374 186 194 0
5375 186 190 0
5376 186 186 0
5377 186 186 0
5378 186 186 0
5379 186 186 0
5380 186 186 0
5381 186 186 0
5382 186 186 0
5383 186 186 0
5384 186 186 0
5385 186 190 0
5386 186 186 0
5387 186 186 0
5388 186 188 0
5389 186 194 0
5390 186 186 0
5391 186 190 0
5392 186 186 0
5393 186 186 0
5394 186 190 0
5395 186 187 0
5396 186 186 0
5397 186 186 0
5398 186 186 0
5399 186 187 0
5400 186 191 0
5401 186 186 0
5402 186 189 0
5403 186 187 0
5404 186 194 0
5405 186 186 0
5406 186 186 0
5407 186 190 0
5408 186 189 0
5409 186 186 0
5410 186 192 0
5411 186 188 0
5412 186 186 0
5413 186 186 0
5414 186 186 0
5415 186 188 0
5416 186 186 0
5417 187 191 0
5418 187 191 0
5419 187 191 0
5420 187 191 0
5421 187 191 0
5422 187 194 0
5423 187 191 0
5424 187 194 0
5425 187 193 0
5426 187 193 0
5427 187 190 0
5428 187 187 0
5429 187 191 0
5430 187 191 0
5431 187 189 0
5432 187 191 0
5433 187 192 0
5434 187 190 5133
5435 187 187 5133
5436 187 187 0
5437 187 194 0
5438 187 194 5353
5439 187 187 5353
5440 187 187 5283
5441 187 191 5283
5442 187 187 5298
5443 187 191 5298
5444 187 188 4880
5445 187 189 4880
5446 187 187 4183
5447 187 194 4183
5448 187 187 5312
5449 187 194 5312
5450 187 194 5390
5451 187 187 5390
5452 187 194 5231
5453 187 188 5231
5454 187 190 5211
5455 187 187 5211
5456 187 189 4838
5457 187 187 4838
5458 187 187 5163
5459 187 194 5163
5460 187 187 0
5461 187 187 0
5462 187 187 0
5463 187 187 0
5464 187 189 0
5465 187 187 0
5466 187 187 0
5467 187 187 0
5468 187 187 0
5469 187 187 0
5470 187 187 0
5471 187 187 0
5472 187 187 0
5473 187 187 0
5474 187 187 0
5475 187 187 0
5476 187 188 0
5477 187 189 0
5478 187 187 0
5479 187 194 0
5480 187 187 0
5481 187 188 0
5482 187 187 0
5483 187 187 0
5484 187 187 0
5485 187 191 0
5486 187 187 0
5487 187 187 0
5488 187 189 0
5489 187 187 0
5490 187 191 0
5491 187 187 0
5492 187 187 0
5493 187 187 0
5494 187 187 0
5495 187 191 0
5496 187 191 0
5497 187 187 0
5498 187 194 0
5499 188 192 0
5500 188 194 0
5501 188 194 0
5502 188 192 0
5503 188 194 0
5504 188 190 0
5505 188 190 0
5506 188 191 0
5507 188 192 0
5508 188 192 0
5509 188 194 0
5510 188 188 0
5511 188 192 0
5512 188 192 0
5513 188 192 0
5514 188 194 0
5515 188 194 0
5516 188 194 0
5517 188 188 0
5518 188 188 5136
5519 188 192 5136
5520 188 188 4931
5521 188 192 4931
5522 188 190 0
5523 188 188 0
5524 188 192 5451
5525 188 188 5451
5526 188 192 5395
5527 188 188 5395
5528 188 194 5086
5529 188 188 5086
5530 188 190 0
5531 188 188 0
5532 188 194 4840
5533 188 190 4840
5534 188 192 0
5535 188 188 0
5536 188 188 0
5537 188 188 0
5538 188 188 0
5539 188 194 0
5540 188 188 0
5541 188 188 0
5542 188 192 0
5543 188 188 0
5544 188 188 0
5545 188 188 0
5546 188 188 0
5547 188 188 0
5548 188 188 0
5549 188 188 0
5550 188 188 0
5551 188 188 0
5552 188 188 0
5553 188 194 0
5554 188 188 0
5555 188 188 0
5556 188 188 0
5557 188 188 0
5558 188 188 0
5559 188 188 0
5560 188 188 0
5561 188 188 0
5562 188 188 0
5563 188 190 0
5564 188 188 0
5565 188 188 0
5566 188 189 0
5567 188 192 0
5568 188 188 0
5569 188 188 0
5570 188 188 0
5571 188 194 0
5572 188 188 0
5573 189 194 0
5574 189 189 0
5575 189 193 0
5576 189 191 0
5577 189 193 0
5578 189 189 0
5579 189 194 0
5580 189 191 0
5581 189 190 0
5582 189 194 0
5583 189 194 0
5584 189 194 0
5585 189 189 0
5586 189 193 0
5587 189 194 0
5588 189 193 0
5589 189 194 0
5590 189 190 4166
5591 189 192 4166
5592 189 189 5208
5593 189 194 5208
5594 189 189 4678
5595 189 194 4678
5596 189 189 0
5597 189 194 0
5598 189 191 5317
5599 189 189 5317
5600 189 194 4681
5601 189 189 4681
5602 189 194 4943
5603 189 189 4943
5604 189 194 0
5605 189 189 0
5606 189 194 5102
5607 189 189 5102
5608 189 189 0
5609 189 190 0
5610 189 189 0
5611 189 189 0
5612 189 189 0
5613 189 193 0
5614 189 194 0
5615 189 190 0
5616 189 189 0
5617 189 189 0
5618 189 189 0
5619 189 189 0
5620 189 189 0
5621 189 190 0
5622 189 190 0
5623 189 192 0
5624 189 189 0
5625 189 189 0
5626 189 189 0
5627 189 189 0
5628 189 189 0
5629 189 189 0
5630 189 189 0
5631 189 189 0
5632 189 189 0
5633 189 194 0
5634 189 189 0
5635 189 194 0
5636 189 193 0
5637 189 193 0
5638 189 189 0
5639 189 189 0
5640 189 189 0
5641 189 194 0
5642 189 190 0
5643 189 189 0
5644 189 193 0
5645 189 189 0
5646 189 189 0
5647 189 189 0
5648 189 189 0
5649 189 189 0
5650 189 189 0
5651 189 189 0
5652 189 189 0
5653 189 191 0
5654 189 189 0
5655 189 193 0
5656 189 189 0
5657 189 189 0
5658 189 189 0
5659 190 194 0
5660 190 194 0
5661 190 194 0
5662 190 190 0
5663 190 194 0
5664 190 194 0
5665 190 194 0
5666 190 194 0
5667 190 193 0
5668 190 194 0
5669 190 194 0
5670 190 194 0
5671 190 194 0
5672 190 194 0
5673 190 194 0
5674 190 194 0
5675 190 194 0
5676 190 194 0
5677 190 194 0
5678 190 190 4950
5679 190 194 4950
5680 190 194 0
5681 190 190 0
5682 190 194 4463
5683 190 190 4463
5684 190 190 5354
5685 190 191 5354
5686 190 194 5634
5687 190 190 5634
5688 190 194 5477
5689 190 190 5477
5690 190 191 5456
5691 190 193 5456
5692 190 191 0
5693 190 190 0
5694 190 190 5408
5695 190 190 5408
5696 190 190 0
5697 190 194 0
5698 190 191 5651
5699 190 194 5651
5700 190 190 0
5701 190 190 0
5702 190 190 0
5703 190 190 0
5704 190 190 0
5705 190 190 0
5706 190 194 0
5707 190 190 0
5708 190 193 0
5709 190 190 0
5710 190 194 0
5711 190 190 0
5712 190 190 0
5713 190 190 0
5714 190 190 0
5715 190 191 0
5716 190 190 0
5717 190 194 0
5718 190 190 0
5719 190 193 0
5720 190 191 0
5721 190 190 0
5722 190 190 0
5723 190 190 0
5724 190 190 0
5725 190 190 0
5726 190 192 0
5727 190 194 0
5728 190 190 0
5729 190 192 0
5730 190 191 0
5731 190 194 0
5732 190 194 0
5733 190 190 0
5734 190 190 0
5735 190 190 0
5736 190 190 0
5737 190 190 0
5738 190 194 0
5739 190 194 0
5740 191 192 0
5741 191 194 0
5742 191 194 0
5743 191 191 0
5744 191 194 0
5745 191 194 0
5746 191 194 0
5747 191 194 0
5748 191 191 0
5749 191 194 0
5750 191 191 0
5751 191 194 0
5752 191 194 0
5753 191 194 0
5754 191 193 0
5755 191 194 0
5756 191 194 0
5757 191 191 0
5758 191 194 0
5759 191 191 0
5760 191 194 0
5761 191 194 0
5762 191 194 0
5763 191 191 4595
5764 191 194 4595
5765 191 191 5434
5766 191 194 5434
5767 191 191 5609
5768 191 191 5609
5769 191 191 0
5770 191 194 0
5771 191 194 3496
5772 191 191 3496
5773 191 194 5364
5774 191 191 5364
5775 191 194 5206
5776 191 191 5206
5777 191 191 4708
5778 191 194 4708
5779 191 194 5454
5780 191 191 5454
5781 191 192 4834
5782 191 194 4834
5783 191 191 0
5784 191 194 0
5785 191 191 0
5786 191 194 0
5787 191 194 4768
5788 191 191 4768
5789 191 191 5367
5790 191 194 5367
5791 191 191 0
5792 191 194 0
5793 191 191 0
5794 191 191 0
5795 191 194 0
5796 191 192 0
5797 191 191 0
5798 191 191 0
5799 191 191 0
5800 191 192 0
5801 191 194 0
5802 191 194 0
5803 191 194 0
5804 191 194 0
5805 191 191 0
5806 191 193 0
5807 191 191 0
5808 191 194 0
5809 191 191 0
5810 191 192 0
5811 191 191 0
5812 191 194 0
5813 191 191 0
5814 191 194 0
5815 191 191 0
5816 191 191 0
5817 191 194 0
5818 191 191 0
5819 191 191 0
5820 191 191 0
5821 191 191 0
5822 191 193 0
5823 191 191 0
5824 191 194 0
5825 191 191 0
5826 191 193 0
5827 191 191 0
5828 191 194 0
5829 191 191 0
5830 191 191 0
5831 191 191 0
5832 191 194 0
5833 191 191 0
5834 191 191 0
5835 191 191 0
5836 191 194 0
5837 191 191 0
5838 191 191 0
5839 192 194 0
5840 192 194 0
5841 192 193 0
5842 192 194 0
5843 192 194 0
5844 192 193 0
5845 192 194 0
5846 192 194 0
5847 192 194 0
5848 192 192 0
5849 192 192 0
5850 192 192 0
5851 192 194 0
5852 192 194 0
5853 192 194 0
5854 192 194 0
5855 192 194 0
5856 192 194 0
5857 192 194 0
5858 192 192 0
5859 192 194 0
5860 192 194 0
5861 192 192 0
5862 192 192 0
5863 192 194 0
5864 192 192 0
5865 192 194 0
5866 192 192 0
5867 192 194 0
5868 192 193 5720
5869 192 194 5720
5870 192 192 0
5871 192 194 0
5872 192 192 0
5873 192 194 0
5874 192 194 0
5875 192 192 0
5876 192 192 0
5877 192 194 0
5878 192 192 0
5879 192 192 0
5880 192 192 0
5881 192 194 0
5882 192 192 0
5883 192 193 0
5884 192 194 0
5885 192 192 0
5886 192 192 0
5887 192 192 0
5888 192 192 0
5889 192 193 0
5890 192 192 0
5891 192 192 0
5892 192 192 0
5893 192 192 0
5894 192 194 0
5895 192 192 0
5896 192 192 0
5897 192 193 0
5898 192 194 0
5899 192 192 0
5900 192 192 0
5901 192 192 0
5902 192 193 0
5903 192 192 0
5904 192 194 0
5905 192 192 0
5906 192 194 0
5907 192 192 0
5908 192 193 0
5909 192 193 0
5910 192 192 0
5911 192 192 0
5912 192 192 0
5913 192 192 0
5914 192 192 0
5915 192 192 0
5916 192 193 0
5917 192 192 0
5918 193 194 0
5919 193 194 0
5920 193 194 0
5921 193 193 0
5922 193 194 0
5923 193 194 0
5924 193 194 0
5925 193 193 0
5926 193 194 0
5927 193 194 0
5928 193 194 0
5929 193 193 0
5930 193 194 0
5931 193 194 0
5932 193 194 0
5933 193 194 0
5934 193 194 0
5935 193 194 0
5936 193 194 0
5937 193 193 0
5938 193 194 0
5939 193 193 5023
5940 193 194 5023
5941 193 194 5300
5942 193 193 5300
5943 193 194 5591
5944 193 193 5591
5945 193 194 0
5946 193 194 0
5947 193 194 0
5948 193 193 0
5949 193 194 5362
5950 193 193 5362
5951 193 193 0
5952 193 194 0
5953 193 194 5526
5954 193 193 5526
5955 193 194 5289
5956 193 193 5289
5957 193 194 0
5958 193 193 0
5959 193 193 0
5960 193 194 0
5961 193 194 0
5962 193 193 0
5963 193 193 0
5964 193 193 0
5965 193 194 0
5966 193 193 0
5967 193 194 0
5968 193 194 0
5969 193 194 0
5970 193 193 0
5971 193 194 0
5972 193 193 0
5973 193 193 0
5974 193 193 0
5975 193 193 0
5976 193 193 0
5977 193 193 0
5978 193 193 0
5979 193 193 0
5980 193 194 0
5981 193 193 0
5982 193 193 0
5983 193 193 0
5984 193 194 0
5985 193 193 0
5986 193 193 0
5987 193 193 0
5988 193 193 0
5989 193 193 0
5990 193 193 0
5991 193 194 0
5992 193 193 0
5993 193 193 0
5994 193 193 0
5995 193 193 0
5996 193 193 0
5997 193 194 0
5998 193 193 0
5999 193 193 0
6000 193 193 0
6001 193 193 0
6002 193 193 0
6003 193 193 0
6004 194 194 0
6005 194 194 0
6006 194 194 0
6007 194 194 0
6008 194 194 0
6009 194 194 0
6010 194 194 0
6011 194 194 0
6012 194 194 0
6013 194 194 0
6014 194 194 0
6015 194 194 0
6016 194 194 0
6017 194 194 0
6018 194 194 0
6019 194 194 4199
6020 194 194 4199
6021 194 194 0
6022 194 194 0
6023 194 194 5951
6024 194 194 5951
6025 194 194 0
6026 194 194 0
6027 194 194 0
6028 194 194 0
6029 194 194 0
6030 194 194 0
6031 194 194 4773
6032 194 194 4773
6033 194 194 0
6034 194 194 0
6035 194 194 0
6036 194 194 0
6037 194 194 0
6038 194 194 0
6039 194 194 0
6040 194 194 0
6041 194 194 0
6042 194 194 0
6043 194 194 0
6044 194 194 0
6045 194 194 0
6046 194 194 0
6047 194 194 0
6048 194 194 0
6049 194 194 0
6050 194 194 0
6051 194 194 0
6052 194 194 0
6053 194 194 0
6054 194 194 0
6055 194 194 0
6056 194 194 0
6057 194 194 0
6058 194 194 0
6059 194 194 0
6060 194 194 0
6061 194 194 0
6062 194 194 0
6063 194 194 0
6064 194 194 0
6065 194 194 0
6066 194 194 0
6067 194 194 0
6068 194 194 0
6069 194 194 0
6070 194 194 0
6071 194 194 0
6072 194 194 0
6073 194 194 0
6074 194 194 0
6075 194 194 0
6076 194 194 0
6077 194 194 0
6078 194 194 0
6079 194 194 0
6080 194 194 0
6081 194 194 0
6082 194 194 0
6083 194 194 0
6084 194 194 0
6085 194 194 0
6086 194 194 0
6087 194 194 0
6088 194 194 0
6089 194 194 0
6090 194 194 0
6091 194 194 0
