1 0 3 0
2 0 3 0
3 0 5 0
4 0 4 0
5 4 4 1
6 4 17 1
7 4 77 2
8 4 17 2
9 5 34 0
10 5 34 0
11 6 6 0
12 7 117 11
13 7 57 11
14 11 28 0
15 18 34 6
16 18 58 6
17 18 34 8
18 18 34 8
19 19 119 0
20 19 84 0
21 24 44 0
22 25 69 0
23 29 51 0
24 29 112 0
25 35 86 15
26 35 59 15
27 35 59 18
28 35 85 18
29 35 65 10
30 35 110 10
31 35 86 0
32 35 122 0
33 35 120 0
34 35 88 0
35 35 44 0
36 35 59 0
37 35 84 0
38 35 58 0
39 45 58 35
40 45 124 35
41 45 87 0
42 45 117 0
43 52 161 23
44 52 88 23
45 52 81 0
46 58 83 13
47 58 83 13
48 58 84 0
49 59 85 16
50 59 86 16
51 59 134 39
52 59 60 39
53 59 85 38
54 59 84 38
55 59 59 0
56 59 85 0
57 59 86 0
58 59 120 0
59 60 86 26
60 60 84 26
61 60 85 55
62 60 120 55
63 60 88 36
64 60 74 36
65 60 81 27
66 60 88 27
67 60 84 0
68 60 77 0
69 61 122 52
70 61 125 52
71 61 86 0
72 64 145 0
73 66 81 29
74 66 117 29
75 68 130 0
76 69 122 0
77 70 144 22
78 70 74 22
79 71 165 0
80 75 89 64
81 75 85 64
82 78 87 68
83 78 117 68
84 80 110 0
85 80 120 0
86 82 86 65
87 82 124 65
88 82 146 73
89 82 105 73
90 84 96 46
91 84 125 46
92 84 120 0
93 85 120 67
94 85 119 67
95 85 86 48
96 85 120 48
97 85 120 37
98 85 99 37
99 85 86 54
100 85 99 54
101 85 86 0
102 85 122 0
103 85 127 0
104 86 86 49
105 86 121 49
106 86 119 61
107 86 86 61
108 86 129 56
109 86 120 56
110 86 112 53
111 86 120 53
112 86 119 28
113 86 142 28
114 86 121 81
115 86 108 81
116 86 120 0
117 87 119 25
118 87 87 25
119 87 119 59
120 87 116 59
121 87 119 95
122 87 87 95
123 87 128 104
124 87 88 104
125 87 117 50
126 87 120 50
127 87 130 101
128 87 120 101
129 87 123 107
130 87 119 107
131 87 128 71
132 87 87 71
133 87 119 57
134 87 119 57
135 87 112 99
136 87 150 99
137 87 120 86
138 87 118 86
139 88 119 118
140 88 118 118
141 88 153 122
142 88 119 122
143 88 120 132
144 88 100 132
145 88 148 41
146 88 121 41
147 88 97 82
148 88 120 82
149 89 116 124
150 89 96 124
151 89 121 34
152 89 118 34
153 89 167 63
154 89 123 63
155 89 119 66
156 89 121 66
157 89 110 44
158 89 121 44
159 90 129 80
160 90 100 80
161 97 116 150
162 97 130 150
163 97 119 90
164 97 121 90
165 98 129 147
166 98 114 147
167 98 138 0
168 99 119 0
169 100 119 98
170 100 117 98
171 101 102 144
172 101 104 144
173 101 118 160
174 101 136 160
175 102 111 0
176 103 104 171
177 103 104 171
178 105 111 176
179 105 137 176
180 105 117 172
181 105 126 172
182 106 111 89
183 106 147 89
184 106 128 0
185 108 117 0
186 109 123 115
187 109 120 115
188 111 125 157
189 111 154 157
190 111 138 30
191 111 125 30
192 112 128 178
193 112 121 178
194 112 160 182
195 112 120 182
196 113 162 135
197 113 122 135
198 113 165 24
199 113 120 24
200 115 119 166
201 115 120 166
202 117 119 120
203 117 128 120
204 117 118 161
205 117 121 161
206 117 122 0
207 118 128 125
208 118 122 125
209 118 134 42
210 118 166 42
211 118 120 170
212 118 142 170
213 118 125 185
214 118 125 185
215 118 171 12
216 118 126 12
217 118 128 0
218 119 122 140
219 119 120 140
220 119 119 204
221 119 122 204
222 119 123 173
223 119 123 173
224 119 122 138
225 119 122 138
226 119 120 152
227 119 158 152
228 120 121 117
229 120 121 117
230 120 123 139
231 120 120 139
232 120 123 94
233 120 126 94
234 120 123 202
235 120 137 202
236 120 122 121
237 120 120 121
238 120 136 220
239 120 121 220
240 120 155 130
241 120 120 130
242 120 120 19
243 120 120 19
244 120 122 106
245 120 124 106
246 120 129 200
247 120 120 200
248 120 144 142
249 120 121 142
250 120 120 133
251 120 120 133
252 120 120 112
253 120 121 112
254 120 137 169
255 120 126 169
256 120 163 155
257 120 124 155
258 121 121 231
259 121 122 231
260 121 122 219
261 121 126 219
262 121 121 128
263 121 121 128
264 121 122 237
265 121 126 237
266 121 130 126
267 121 128 126
268 121 128 243
269 121 123 243
270 121 123 143
271 121 121 143
272 121 168 33
273 121 121 33
274 121 132 93
275 121 136 93
276 121 130 96
277 121 121 96
278 121 121 92
279 121 158 92
280 121 121 109
281 121 129 109
282 121 145 247
283 121 125 247
284 121 122 250
285 121 164 250
286 121 160 97
287 121 126 97
288 121 121 211
289 121 124 211
290 121 160 58
291 121 142 58
292 121 121 252
293 121 153 252
294 121 160 226
295 121 121 226
296 121 160 199
297 121 121 199
298 121 121 85
299 121 121 85
300 121 125 187
301 121 125 187
302 122 122 228
303 122 122 228
304 122 122 262
305 122 122 262
306 122 136 239
307 122 122 239
308 122 123 205
309 122 122 205
310 122 126 258
311 122 126 258
312 122 123 273
313 122 161 273
314 122 123 271
315 122 126 271
316 122 124 151
317 122 124 151
318 122 128 277
319 122 128 277
320 122 122 278
321 122 122 278
322 122 162 146
323 122 129 146
324 122 122 288
325 122 122 288
326 122 128 292
327 122 128 292
328 122 165 297
329 122 124 297
330 122 128 164
331 122 136 164
332 122 122 114
333 122 122 114
334 122 155 298
335 122 160 298
336 123 159 302
337 123 126 302
338 123 123 259
339 123 166 259
340 123 123 260
341 123 137 260
342 123 164 304
343 123 134 304
344 123 159 264
345 123 126 264
346 123 129 76
347 123 130 76
348 123 148 309
349 123 123 309
350 123 123 208
351 123 123 208
352 123 124 206
353 123 124 206
354 123 132 221
355 123 132 221
356 123 165 69
357 123 123 69
358 123 150 321
359 123 131 321
360 123 123 32
361 123 123 32
362 123 124 324
363 123 142 324
364 123 128 224
365 123 124 224
366 123 124 197
367 123 124 197
368 123 125 332
369 123 125 332
370 123 130 0
371 124 164 349
372 124 126 349
373 124 126 338
374 124 126 338
375 124 129 340
376 124 137 340
377 124 146 308
378 124 164 308
379 124 126 350
380 124 126 350
381 124 155 232
382 124 128 232
383 124 126 129
384 124 126 129
385 124 160 269
386 124 137 269
387 124 137 314
388 124 161 314
389 124 142 357
390 124 124 357
391 124 170 186
392 124 159 186
393 124 144 222
394 124 124 222
395 124 125 360
396 124 125 360
397 124 124 0
398 125 125 352
399 125 125 352
400 125 125 245
401 125 138 245
402 125 126 316
403 125 126 316
404 125 125 394
405 125 125 394
406 125 125 390
407 125 147 390
408 125 126 362
409 125 161 362
410 125 149 366
411 125 154 366
412 125 140 365
413 125 128 365
414 125 153 257
415 125 169 257
416 125 169 87
417 125 147 87
418 125 126 0
419 126 129 283
420 126 145 283
421 126 128 398
422 126 128 398
423 126 128 400
424 126 128 400
425 126 144 301
426 126 182 301
427 126 171 404
428 126 147 404
429 126 142 406
430 126 161 406
431 126 126 396
432 126 126 396
433 126 165 188
434 126 170 188
435 126 151 191
436 126 140 191
437 126 128 369
438 126 154 369
439 126 131 0
440 127 130 311
441 127 165 311
442 127 162 374
443 127 165 374
444 127 147 233
445 127 137 233
446 127 128 372
447 127 130 372
448 127 143 345
449 127 130 345
450 127 132 379
451 127 131 379
452 127 150 384
453 127 153 384
454 127 129 261
455 127 147 261
456 127 137 315
457 127 142 315
458 127 167 418
459 127 163 418
460 127 134 402
461 127 145 402
462 127 169 431
463 127 163 431
464 127 162 287
465 127 154 287
466 127 140 408
467 127 140 408
468 127 166 216
469 127 127 216
470 128 131 103
471 128 131 103
472 129 129 446
473 129 129 446
474 129 158 217
475 129 132 217
476 129 164 123
477 129 132 123
478 129 135 422
479 129 135 422
480 129 150 268
481 129 167 268
482 129 158 423
483 129 158 423
484 129 130 131
485 129 130 131
486 129 139 192
487 129 139 192
488 129 136 318
489 129 155 318
490 129 149 364
491 129 194 364
492 129 165 326
493 129 140 326
494 129 144 267
495 129 132 267
496 129 155 184
497 129 155 184
498 129 165 0
499 129 136 0
500 129 135 0
501 130 147 375
502 130 137 375
503 130 164 472
504 130 163 472
505 130 171 346
506 130 155 346
507 130 141 419
508 130 162 419
509 130 162 159
510 130 136 159
511 130 162 323
512 130 141 323
513 130 162 165
514 130 164 165
515 131 166 440
516 131 148 440
517 131 137 75
518 131 134 75
519 131 161 447
520 131 162 447
521 131 154 449
522 131 159 449
523 131 157 266
524 131 157 266
525 131 161 347
526 131 143 347
527 131 167 485
528 131 155 485
529 132 132 451
530 132 132 451
531 132 166 439
532 132 140 439
533 132 169 471
534 132 175 471
535 133 144 477
536 133 143 477
537 133 135 450
538 133 146 450
539 133 133 355
540 133 133 355
541 133 166 475
542 133 137 475
543 133 144 530
544 133 135 530
545 134 134 539
546 134 134 539
547 135 135 545
548 135 135 545
549 135 149 343
550 135 158 343
551 135 135 460
552 135 135 460
553 135 154 51
554 135 136 51
555 136 136 537
556 136 136 537
557 136 144 547
558 136 143 547
559 136 160 478
560 136 153 478
561 136 136 551
562 136 136 551
563 136 158 500
564 136 158 500
565 137 146 306
566 137 164 306
567 137 137 555
568 137 137 555
569 137 138 275
570 137 138 275
571 137 153 561
572 137 153 561
573 137 162 488
574 137 144 488
575 137 148 499
576 137 148 499
577 137 144 174
578 137 144 174
579 138 141 341
580 138 141 341
581 138 194 445
582 138 155 445
583 138 138 517
584 138 138 517
585 138 155 235
586 138 155 235
587 138 158 567
588 138 144 567
589 138 160 386
590 138 182 386
591 138 142 456
592 138 142 456
593 138 150 254
594 138 160 254
595 139 139 583
596 139 139 583
597 139 139 569
598 139 139 569
599 139 162 401
600 139 169 401
601 139 157 190
602 139 157 190
603 140 141 595
604 140 141 595
605 140 140 597
606 140 140 597
607 140 145 486
608 140 175 486
609 141 141 605
610 141 141 605
611 141 161 466
612 141 161 466
613 141 150 412
614 141 150 412
615 141 168 532
616 141 167 532
617 142 142 579
618 142 142 579
619 142 144 603
620 142 146 603
621 142 142 609
622 142 142 609
623 142 142 507
624 142 142 507
625 143 147 617
626 143 155 617
627 143 143 621
628 143 143 621
629 143 143 623
630 143 143 623
631 143 145 592
632 143 163 592
633 143 159 389
634 143 169 389
635 143 154 212
636 143 163 212
637 143 153 291
638 143 145 291
639 143 164 113
640 143 160 113
641 144 162 627
642 144 162 627
643 144 150 629
644 144 163 629
645 144 144 448
646 144 144 448
647 144 162 558
648 144 165 558
649 145 146 619
650 145 147 619
651 145 155 535
652 145 155 535
653 145 145 588
654 145 145 588
655 145 145 645
656 145 145 645
657 145 165 574
658 145 162 574
659 145 147 248
660 145 145 248
661 145 149 578
662 145 149 578
663 145 145 425
664 145 145 425
665 146 148 653
666 146 146 653
667 146 146 655
668 146 146 655
669 146 165 631
670 146 163 631
671 146 147 607
672 146 149 607
673 146 167 461
674 146 180 461
675 146 155 282
676 146 162 282
677 146 149 664
678 146 147 664
679 146 162 0
680 146 153 0
681 147 147 649
682 147 149 649
683 147 147 565
684 147 147 565
685 147 147 538
686 147 147 538
687 147 159 667
688 147 149 667
689 147 165 88
690 147 153 88
691 148 150 625
692 148 150 625
693 148 149 681
694 148 163 681
695 148 148 683
696 148 148 683
697 148 168 685
698 148 155 685
699 148 161 455
700 148 154 455
701 148 153 671
702 148 153 671
703 148 168 659
704 148 156 659
705 148 173 428
706 148 161 428
707 148 165 417
708 148 165 417
709 149 149 348
710 149 149 348
711 149 149 695
712 149 149 695
713 149 149 665
714 149 149 665
715 149 149 575
716 149 149 575
717 150 158 693
718 150 163 693
719 150 150 709
720 150 150 709
721 150 150 711
722 150 150 711
723 150 158 713
724 150 158 713
725 150 156 549
726 150 156 549
727 150 150 662
728 150 150 662
729 150 150 677
730 150 150 677
731 150 150 410
732 150 150 410
733 150 151 715
734 150 151 715
735 151 151 691
736 151 151 691
737 151 151 719
738 151 151 719
739 151 151 721
740 151 151 721
741 151 151 643
742 151 151 643
743 151 167 480
744 151 160 480
745 151 151 727
746 151 151 727
747 151 154 729
748 151 155 729
749 151 151 732
750 151 151 732
751 151 162 613
752 151 168 613
753 151 163 136
754 151 163 136
755 152 152 735
756 152 152 735
757 152 152 737
758 152 152 737
759 152 152 739
760 152 152 739
761 152 155 741
762 152 158 741
763 152 158 745
764 152 168 745
765 152 166 749
766 152 165 749
767 152 152 733
768 152 152 733
769 152 157 435
770 152 157 435
771 153 153 755
772 153 153 755
773 153 153 757
774 153 153 757
775 153 153 759
776 153 153 759
777 153 153 767
778 153 153 767
779 154 166 771
780 154 166 771
781 154 164 141
782 154 164 141
783 154 158 773
784 154 162 773
785 154 154 775
786 154 154 775
787 154 155 560
788 154 155 560
789 154 154 701
790 154 154 701
791 154 175 571
792 154 170 571
793 154 169 637
794 154 160 637
795 154 154 293
796 154 176 293
797 154 154 777
798 154 154 777
799 154 181 572
800 154 163 572
801 155 159 521
802 155 159 521
803 155 163 785
804 155 163 785
805 155 171 789
806 155 155 789
807 155 168 747
808 155 156 747
809 155 163 635
810 155 194 635
811 155 155 795
812 155 155 795
813 155 158 797
814 155 158 797
815 155 166 189
816 155 175 189
817 155 168 438
818 155 169 438
819 156 165 585
820 156 161 585
821 156 156 651
822 156 156 651
823 156 160 381
824 156 161 381
825 156 157 787
826 156 158 787
827 156 160 240
828 156 160 240
829 156 156 586
830 156 156 586
831 156 156 496
832 156 156 496
833 156 165 698
834 156 158 698
835 156 162 675
836 156 162 675
837 156 156 811
838 156 156 811
839 156 158 489
840 156 158 489
841 156 167 334
842 156 176 334
843 156 165 748
844 156 165 748
845 157 164 821
846 157 165 821
847 157 157 725
848 157 157 725
849 157 157 829
850 157 157 829
851 157 157 831
852 157 157 831
853 157 157 838
854 157 157 838
855 157 157 704
856 157 157 704
857 158 164 524
858 158 160 524
859 158 158 825
860 158 160 825
861 158 158 847
862 158 158 847
863 158 158 849
864 158 158 849
865 158 158 851
866 158 158 851
867 158 162 853
868 158 169 853
869 158 174 855
870 158 165 855
871 158 161 601
872 158 161 601
873 158 162 770
874 158 161 770
875 159 163 717
876 159 162 717
877 159 160 783
878 159 178 783
879 159 160 474
880 159 161 474
881 159 164 723
882 159 164 723
883 159 163 834
884 159 163 834
885 159 159 859
886 159 160 859
887 159 161 227
888 159 161 227
889 159 164 861
890 159 159 861
891 159 171 482
892 159 166 482
893 159 160 863
894 159 160 863
895 159 159 865
896 159 159 865
897 159 159 279
898 159 159 279
899 159 194 763
900 159 168 763
901 159 160 839
902 159 160 839
903 159 176 814
904 159 168 814
905 159 166 563
906 159 165 563
907 160 160 336
908 160 160 336
909 160 160 687
910 160 160 687
911 160 160 885
912 160 165 885
913 160 164 895
914 160 164 895
915 160 160 633
916 160 160 633
917 160 160 897
918 160 160 897
919 160 160 802
920 160 160 802
921 160 160 0
922 161 164 920
923 161 162 920
924 161 164 907
925 161 161 907
926 161 161 877
927 161 162 877
928 161 161 879
929 161 162 879
930 161 163 828
931 161 161 828
932 161 161 823
933 161 165 823
934 161 161 909
935 161 161 909
936 161 175 911
937 161 162 911
938 161 162 827
939 161 162 827
940 161 166 589
941 161 162 589
942 161 162 744
943 161 161 744
944 161 161 915
945 161 161 915
946 161 166 917
947 161 166 917
948 161 164 385
949 161 163 385
950 161 162 290
951 161 162 290
952 161 161 860
953 161 162 860
954 161 162 901
955 161 193 901
956 161 166 894
957 161 181 894
958 161 165 640
959 161 165 640
960 161 169 296
961 161 167 296
962 161 161 335
963 161 161 335
964 162 164 519
965 162 165 519
966 162 166 926
967 162 166 926
968 162 162 928
969 162 162 928
970 162 162 820
971 162 162 820
972 162 181 931
973 162 162 931
974 162 163 932
975 162 163 932
976 162 164 934
977 162 167 934
978 162 175 887
979 162 194 887
980 162 162 943
981 162 165 943
982 162 165 313
983 162 165 313
984 162 162 944
985 162 162 944
986 162 166 430
987 162 166 430
988 162 163 611
989 162 174 611
990 162 165 409
991 162 169 409
992 162 164 952
993 162 162 952
994 162 165 871
995 162 165 871
996 162 162 43
997 162 162 43
998 162 168 962
999 162 165 962
1000 163 165 442
1001 163 165 442
1002 163 163 968
1003 163 163 968
1004 163 164 929
1005 163 191 929
1006 163 163 876
1007 163 164 876
1008 163 172 973
1009 163 167 973
1010 163 164 784
1011 163 165 784
1012 163 164 971
1013 163 164 971
1014 163 166 927
1015 163 166 927
1016 163 164 937
1017 163 165 937
1018 163 163 942
1019 163 163 942
1020 163 163 941
1021 163 163 941
1022 163 169 647
1023 163 173 647
1024 163 165 676
1025 163 165 676
1026 163 163 984
1027 163 163 984
1028 163 164 322
1029 163 164 322
1030 163 163 511
1031 163 163 511
1032 163 164 508
1033 163 164 508
1034 163 171 509
1035 163 166 509
1036 163 163 464
1037 163 163 464
1038 163 165 950
1039 163 165 950
1040 163 164 751
1041 163 164 751
1042 163 164 196
1043 163 164 196
1044 163 164 954
1045 163 164 954
1046 163 163 642
1047 163 164 642
1048 163 168 658
1049 163 165 658
1050 163 170 939
1051 163 179 939
1052 163 166 599
1053 163 163 599
1054 163 165 873
1055 163 165 873
1056 163 163 996
1057 163 163 996
1058 163 164 0
1059 164 164 875
1060 164 169 875
1061 164 169 504
1062 164 165 504
1063 164 168 803
1064 164 166 803
1065 164 164 804
1066 164 164 804
1067 164 164 1002
1068 164 165 1002
1069 164 164 884
1070 164 164 884
1071 164 164 883
1072 164 164 883
1073 164 164 974
1074 164 164 974
1075 164 167 930
1076 164 167 930
1077 164 164 1019
1078 164 166 1019
1079 164 166 1021
1080 164 164 1021
1081 164 170 459
1082 164 176 459
1083 164 167 694
1084 164 166 694
1085 164 164 1026
1086 164 164 1026
1087 164 167 463
1088 164 167 463
1089 164 164 949
1090 164 164 949
1091 164 169 1036
1092 164 165 1036
1093 164 164 988
1094 164 164 988
1095 164 164 1020
1096 164 165 1020
1097 164 169 256
1098 164 165 256
1099 164 166 1031
1100 164 164 1031
1101 164 164 632
1102 164 164 632
1103 164 165 1057
1104 164 165 1057
1105 165 165 371
1106 165 165 371
1107 165 165 378
1108 165 166 378
1109 165 167 1059
1110 165 175 1059
1111 165 167 924
1112 165 167 924
1113 165 165 781
1114 165 165 781
1115 165 165 1065
1116 165 165 1065
1117 165 165 566
1118 165 166 566
1119 165 165 1067
1120 165 165 1067
1121 165 174 857
1122 165 193 857
1123 165 169 845
1124 165 165 845
1125 165 165 1007
1126 165 167 1007
1127 165 166 1069
1128 165 170 1069
1129 165 171 1071
1130 165 194 1071
1131 165 168 1013
1132 165 167 1013
1133 165 165 1073
1134 165 194 1073
1135 165 165 1016
1136 165 170 1016
1137 165 165 1077
1138 165 167 1077
1139 165 179 889
1140 165 167 889
1141 165 166 1045
1142 165 165 1045
1143 165 165 913
1144 165 165 913
1145 165 168 1070
1146 165 170 1070
1147 165 168 1100
1148 165 170 1100
1149 165 165 1058
1150 165 171 1058
1151 165 166 1085
1152 165 166 1085
1153 165 165 1028
1154 165 165 1028
1155 165 165 1032
1156 165 168 1032
1157 165 166 948
1158 165 167 948
1159 165 172 1090
1160 165 165 1090
1161 165 166 1080
1162 165 167 1080
1163 165 194 1093
1164 165 169 1093
1165 165 165 1040
1166 165 165 1040
1167 165 165 1042
1168 165 165 1042
1169 165 169 639
1170 165 165 639
1171 165 165 1010
1172 165 167 1010
1173 165 165 922
1174 165 165 922
1175 165 166 1102
1176 165 165 1102
1177 166 170 441
1178 166 168 441
1179 166 166 1000
1180 166 166 1000
1181 166 167 1106
1182 166 166 1106
1183 166 166 1107
1184 166 168 1107
1185 166 168 965
1186 166 167 965
1187 166 168 819
1188 166 166 819
1189 166 194 1113
1190 166 167 1113
1191 166 168 1115
1192 166 166 1115
1193 166 166 1119
1194 166 169 1119
1195 166 166 1124
1196 166 169 1124
1197 166 168 1049
1198 166 194 1049
1199 166 170 833
1200 166 166 833
1201 166 167 1133
1202 166 168 1133
1203 166 169 1068
1204 166 168 1068
1205 166 167 1174
1206 166 167 1174
1207 166 166 912
1208 166 166 912
1209 166 167 906
1210 166 167 906
1211 166 182 1137
1212 166 169 1137
1213 166 168 1092
1214 166 167 1092
1215 166 166 1142
1216 166 167 1142
1217 166 169 982
1218 166 166 982
1219 166 168 1143
1220 166 168 1143
1221 166 182 433
1222 166 169 433
1223 166 166 1154
1224 166 166 1154
1225 166 166 1149
1226 166 166 1149
1227 166 173 1024
1228 166 171 1024
1229 166 168 1155
1230 166 175 1155
1231 166 167 356
1232 166 171 356
1233 166 166 1038
1234 166 166 1038
1235 166 173 990
1236 166 171 990
1237 166 166 1165
1238 166 166 1165
1239 166 166 1167
1240 166 166 1167
1241 166 168 766
1242 166 173 766
1243 166 168 1096
1244 166 166 1096
1245 166 166 1039
1246 166 166 1039
1247 166 194 1170
1248 166 194 1170
1249 166 194 1098
1250 166 168 1098
1251 166 166 498
1252 166 169 498
1253 166 168 328
1254 166 168 328
1255 166 166 1171
1256 166 166 1171
1257 166 166 1116
1258 166 167 1116
1259 166 166 1135
1260 166 166 1135
1261 166 166 994
1262 166 166 994
1263 166 181 79
1264 166 181 79
1265 166 168 1055
1266 166 168 1055
1267 166 168 1104
1268 166 179 1104
1269 166 168 999
1270 166 168 999
1271 166 167 843
1272 166 173 843
1273 166 169 708
1274 166 168 708
1275 166 166 0
1276 166 167 0
1277 166 167 0
1278 167 167 1182
1279 167 168 1182
1280 167 167 1179
1281 167 167 1179
1282 167 167 779
1283 167 167 779
1284 167 167 1084
1285 167 167 1084
1286 167 167 1188
1287 167 169 1188
1288 167 169 1015
1289 167 169 1015
1290 167 168 966
1291 167 194 966
1292 167 167 1183
1293 167 168 1183
1294 167 172 1257
1295 167 178 1257
1296 167 167 1192
1297 167 176 1192
1298 167 167 1193
1299 167 169 1193
1300 167 169 1195
1301 167 169 1195
1302 167 170 1127
1303 167 170 1127
1304 167 171 1256
1305 167 176 1256
1306 167 168 1207
1307 167 168 1207
1308 167 167 1260
1309 167 167 1260
1310 167 168 1079
1311 167 167 1079
1312 167 167 1215
1313 167 169 1215
1314 167 168 210
1315 167 168 210
1316 167 171 1223
1317 167 169 1223
1318 167 171 1226
1319 167 171 1226
1320 167 168 1035
1321 167 168 1035
1322 167 167 1151
1323 167 167 1151
1324 167 174 1200
1325 167 167 1200
1326 167 169 946
1327 167 171 946
1328 167 173 986
1329 167 185 986
1330 167 168 1157
1331 167 167 1157
1332 167 169 1244
1333 167 168 1244
1334 167 167 1245
1335 167 167 1245
1336 167 169 1233
1337 167 168 1233
1338 167 171 765
1339 167 168 765
1340 167 171 1237
1341 167 177 1237
1342 167 167 1239
1343 167 167 1239
1344 167 167 940
1345 167 167 940
1346 167 167 1099
1347 167 167 1099
1348 167 194 956
1349 167 170 956
1350 167 171 892
1351 167 168 892
1352 167 167 1052
1353 167 167 1052
1354 167 168 1261
1355 167 168 1261
1356 167 167 1175
1357 167 167 1175
1358 167 176 531
1359 167 171 531
1360 167 173 815
1361 167 173 815
1362 167 168 0
1363 168 168 1278
1364 168 169 1278
1365 168 169 1292
1366 168 169 1292
1367 168 168 1280
1368 168 168 1280
1369 168 168 1282
1370 168 168 1282
1371 168 169 1088
1372 168 169 1088
1373 168 168 1172
1374 168 168 1172
1375 168 172 1284
1376 168 168 1284
1377 168 168 1286
1378 168 169 1286
1379 168 168 1111
1380 168 169 1111
1381 168 172 1190
1382 168 168 1190
1383 168 169 1298
1384 168 174 1298
1385 168 180 1325
1386 168 168 1325
1387 168 169 1126
1388 168 169 1126
1389 168 168 1132
1390 168 168 1132
1391 168 171 1201
1392 168 171 1201
1393 168 173 1140
1394 168 171 1140
1395 168 169 1205
1396 168 169 1205
1397 168 168 1308
1398 168 168 1308
1399 168 170 1075
1400 168 181 1075
1401 168 194 1209
1402 168 194 1209
1403 168 178 743
1404 168 168 743
1405 168 190 1214
1406 168 168 1214
1407 168 171 1312
1408 168 168 1312
1409 168 168 527
1410 168 172 527
1411 168 168 458
1412 168 170 458
1413 168 169 1296
1414 168 169 1296
1415 168 169 1322
1416 168 169 1322
1417 168 168 1231
1418 168 176 1231
1419 168 175 153
1420 168 173 153
1421 168 173 481
1422 168 175 481
1423 168 176 1087
1424 168 194 1087
1425 168 173 1334
1426 168 169 1334
1427 168 168 1342
1428 168 169 1342
1429 168 169 1311
1430 168 169 1311
1431 168 168 1138
1432 168 179 1138
1433 168 170 1276
1434 168 182 1276
1435 168 168 841
1436 168 168 841
1437 168 171 1346
1438 168 171 1346
1439 168 172 1352
1440 168 170 1352
1441 168 168 1356
1442 168 168 1356
1443 168 174 1345
1444 168 168 1345
1445 169 169 1363
1446 169 169 1363
1447 169 170 1178
1448 169 170 1178
1449 169 169 1367
1450 169 169 1367
1451 169 173 1362
1452 169 169 1362
1453 169 173 1370
1454 169 170 1370
1455 169 174 1373
1456 169 194 1373
1457 169 169 1386
1458 169 169 1386
1459 169 171 1374
1460 169 177 1374
1461 169 170 1390
1462 169 173 1390
1463 169 169 1379
1464 169 169 1379
1465 169 169 1293
1466 169 171 1293
1467 169 194 1191
1468 169 178 1191
1469 169 169 1204
1470 169 169 1204
1471 169 169 1197
1472 169 169 1197
1473 169 169 1131
1474 169 169 1131
1475 169 174 1306
1476 169 169 1306
1477 169 169 1397
1478 169 169 1397
1479 169 169 1406
1480 169 169 1406
1481 169 169 1213
1482 169 169 1213
1483 169 194 272
1484 169 194 272
1485 169 169 1409
1486 169 169 1409
1487 169 171 1314
1488 169 181 1314
1489 169 170 697
1490 169 175 697
1491 169 171 1145
1492 169 178 1145
1493 169 171 1147
1494 169 170 1147
1495 169 180 1320
1496 169 171 1320
1497 169 170 703
1498 169 171 703
1499 169 179 1229
1500 169 169 1229
1501 169 169 807
1502 169 176 807
1503 169 169 1330
1504 169 169 1330
1505 169 169 1202
1506 169 169 1202
1507 169 170 1243
1508 169 169 1243
1509 169 169 1339
1510 169 169 1339
1511 169 194 752
1512 169 176 752
1513 169 169 1427
1514 169 169 1427
1515 169 169 1254
1516 169 175 1254
1517 169 169 1435
1518 169 169 1435
1519 169 171 1408
1520 169 170 1408
1521 169 194 904
1522 169 194 904
1523 169 169 1354
1524 169 169 1354
1525 169 169 1442
1526 169 169 1442
1527 169 170 1411
1528 169 173 1411
1529 169 169 1220
1530 169 169 1220
1531 169 170 1265
1532 169 176 1265
1533 169 169 1267
1534 169 169 1267
1535 169 170 1269
1536 169 170 1269
1537 169 169 1250
1538 169 169 1250
1539 169 169 0
1540 169 175 0
1541 170 170 1445
1542 170 170 1445
1543 170 171 1465
1544 170 175 1465
1545 170 173 1450
1546 170 170 1450
1547 170 170 1452
1548 170 173 1452
1549 170 170 1372
1550 170 170 1372
1551 170 171 1366
1552 170 171 1366
1553 170 178 1457
1554 170 175 1457
1555 170 170 1378
1556 170 170 1378
1557 170 178 1380
1558 170 172 1380
1559 170 170 1288
1560 170 170 1288
1561 170 170 1464
1562 170 170 1464
1563 170 170 1061
1564 170 172 1061
1565 170 194 1469
1566 170 178 1469
1567 170 171 1383
1568 170 178 1383
1569 170 170 1300
1570 170 173 1300
1571 170 176 1387
1572 170 171 1387
1573 170 170 1471
1574 170 170 1471
1575 170 174 1123
1576 170 175 1123
1577 170 181 1473
1578 170 170 1473
1579 170 178 1289
1580 170 193 1289
1581 170 176 1477
1582 170 175 1477
1583 170 171 1194
1584 170 174 1194
1585 170 171 1479
1586 170 171 1479
1587 170 170 1481
1588 170 170 1481
1589 170 170 1508
1590 170 173 1508
1591 170 171 1217
1592 170 170 1217
1593 170 174 1485
1594 170 179 1485
1595 170 170 1222
1596 170 170 1222
1597 170 181 1022
1598 170 181 1022
1599 170 174 1203
1600 170 174 1203
1601 170 170 1415
1602 170 170 1415
1603 170 170 1317
1604 170 170 1317
1605 170 171 1539
1606 170 186 1539
1607 170 172 1501
1608 170 172 1501
1609 170 170 634
1610 170 171 634
1611 170 173 462
1612 170 173 462
1613 170 170 1503
1614 170 170 1503
1615 170 171 1505
1616 170 182 1505
1617 170 181 1212
1618 170 176 1212
1619 170 173 1091
1620 170 176 1091
1621 170 194 1426
1622 170 176 1426
1623 170 189 991
1624 170 176 991
1625 170 170 1336
1626 170 194 1336
1627 170 173 1509
1628 170 194 1509
1629 170 170 1514
1630 170 170 1514
1631 170 173 1430
1632 170 176 1430
1633 170 176 793
1634 170 181 793
1635 170 170 1169
1636 170 170 1169
1637 170 170 1273
1638 170 170 1273
1639 170 194 868
1640 170 173 868
1641 170 170 1252
1642 170 182 1252
1643 170 170 1515
1644 170 171 1515
1645 170 170 1517
1646 170 170 1517
1647 170 171 1299
1648 170 174 1299
1649 170 174 1060
1650 170 174 1060
1651 170 170 1523
1652 170 170 1523
1653 170 193 1529
1654 170 194 1529
1655 170 170 1534
1656 170 170 1534
1657 170 170 1537
1658 170 170 1537
1659 170 170 0
1660 170 179 0
1661 171 171 1541
1662 171 171 1541
1663 171 172 1563
1664 171 180 1563
1665 171 179 1447
1666 171 182 1447
1667 171 173 1547
1668 171 173 1547
1669 171 179 1555
1670 171 181 1555
1671 171 182 1556
1672 171 179 1556
1673 171 171 1559
1674 171 171 1559
1675 171 177 1461
1676 171 194 1461
1677 171 171 1562
1678 171 171 1562
1679 171 171 1569
1680 171 171 1569
1681 171 182 1573
1682 171 194 1573
1683 171 176 1199
1684 171 177 1199
1685 171 171 1302
1686 171 171 1302
1687 171 194 1399
1688 171 182 1399
1689 171 171 1136
1690 171 171 1136
1691 171 171 1587
1692 171 171 1587
1693 171 194 1349
1694 171 175 1349
1695 171 173 1596
1696 171 171 1596
1697 171 176 1412
1698 171 171 1412
1699 171 171 1497
1700 171 173 1497
1701 171 194 434
1702 171 171 434
1703 171 171 1601
1704 171 171 1601
1705 171 171 1609
1706 171 180 1609
1707 171 171 1604
1708 171 194 1604
1709 171 171 1303
1710 171 171 1303
1711 171 171 1148
1712 171 171 1148
1713 171 171 1550
1714 171 171 1550
1715 171 171 1613
1716 171 175 1613
1717 171 171 1507
1718 171 171 1507
1719 171 171 1625
1720 171 171 1625
1721 171 176 1630
1722 171 178 1630
1723 171 174 1433
1724 171 171 1433
1725 171 171 1635
1726 171 171 1635
1727 171 182 1637
1728 171 171 1637
1729 171 171 1643
1730 171 171 1643
1731 171 171 1645
1732 171 171 1645
1733 171 176 1651
1734 171 176 1651
1735 171 171 1592
1736 171 171 1592
1737 171 171 1440
1738 171 171 1440
1739 171 194 1531
1740 171 171 1531
1741 171 171 1656
1742 171 171 1656
1743 171 176 1535
1744 171 176 1535
1745 171 171 1657
1746 171 171 1657
1747 172 172 1661
1748 172 172 1661
1749 172 177 1551
1750 172 194 1551
1751 172 172 1459
1752 172 172 1459
1753 172 179 1673
1754 172 181 1673
1755 172 181 505
1756 172 182 505
1757 172 172 1678
1758 172 172 1678
1759 172 175 1466
1760 172 173 1466
1761 172 172 1679
1762 172 172 1679
1763 172 176 1572
1764 172 177 1572
1765 172 194 1710
1766 172 172 1710
1767 172 176 1685
1768 172 176 1685
1769 172 173 1129
1770 172 173 1129
1771 172 172 1304
1772 172 172 1304
1773 172 174 1583
1774 172 191 1583
1775 172 172 1689
1776 172 172 1689
1777 172 174 1585
1778 172 173 1585
1779 172 172 1691
1780 172 172 1691
1781 172 191 1407
1782 172 174 1407
1783 172 172 891
1784 172 194 891
1785 172 188 1591
1786 172 194 1591
1787 172 182 805
1788 172 174 805
1789 172 178 1741
1790 172 178 1741
1791 172 172 1698
1792 172 172 1698
1793 172 173 1487
1794 172 173 1487
1795 172 172 1438
1796 172 172 1438
1797 172 194 1316
1798 172 194 1316
1799 172 186 1318
1800 172 194 1318
1801 172 172 427
1802 172 172 427
1803 172 183 1703
1804 172 173 1703
1805 172 174 1705
1806 172 173 1705
1807 172 180 1702
1808 172 194 1702
1809 172 172 1327
1810 172 187 1327
1811 172 186 1711
1812 172 179 1711
1813 172 175 1605
1814 172 174 1605
1815 172 186 1150
1816 172 180 1150
1817 172 175 1228
1818 172 175 1228
1819 172 173 1359
1820 172 173 1359
1821 172 173 1713
1822 172 173 1713
1823 172 181 1715
1824 172 194 1715
1825 172 189 1719
1826 172 194 1719
1827 172 172 1338
1828 172 172 1338
1829 172 179 1718
1830 172 172 1718
1831 172 176 1725
1832 172 194 1725
1833 172 194 1236
1834 172 194 1236
1835 172 172 1644
1836 172 172 1644
1837 172 172 1731
1838 172 172 1731
1839 172 194 1647
1840 172 194 1647
1841 172 172 1392
1842 172 172 1392
1843 172 176 1736
1844 172 194 1736
1845 172 172 1737
1846 172 172 1737
1847 172 173 1740
1848 172 194 1740
1849 172 194 1745
1850 172 181 1745
1851 172 176 1730
1852 172 173 1730
1853 172 172 1498
1854 172 174 1498
1855 173 173 1747
1856 173 173 1747
1857 173 194 1663
1858 173 194 1663
1859 173 191 1375
1860 173 180 1375
1861 173 180 1751
1862 173 174 1751
1863 173 173 1757
1864 173 173 1757
1865 173 178 1381
1866 173 178 1381
1867 173 173 1761
1868 173 173 1761
1869 173 173 1008
1870 173 173 1008
1871 173 173 1771
1872 173 173 1771
1873 173 173 1775
1874 173 173 1775
1875 173 176 1842
1876 173 176 1842
1877 173 173 1780
1878 173 173 1780
1879 173 173 1791
1880 173 174 1791
1881 173 194 1795
1882 173 185 1795
1883 173 180 1801
1884 173 180 1801
1885 173 173 1766
1886 173 173 1766
1887 173 176 1608
1888 173 183 1608
1889 173 173 1830
1890 173 173 1830
1891 173 194 1827
1892 173 177 1827
1893 173 176 1835
1894 173 176 1835
1895 173 173 1838
1896 173 173 1838
1897 173 173 1439
1898 173 173 1439
1899 173 176 1845
1900 173 194 1845
1901 173 173 1410
1902 173 173 1410
1903 174 174 1855
1904 174 174 1855
1905 174 175 1760
1906 174 175 1760
1907 174 174 1548
1908 174 174 1548
1909 174 194 1668
1910 174 181 1668
1911 174 183 1667
1912 174 192 1667
1913 174 178 1612
1914 174 178 1612
1915 174 181 1822
1916 174 176 1822
1917 174 175 1863
1918 174 181 1863
1919 174 174 1393
1920 174 174 1393
1921 174 177 1867
1922 174 178 1867
1923 174 174 1770
1924 174 174 1770
1925 174 181 1462
1926 174 176 1462
1927 174 178 1869
1928 174 178 1869
1929 174 194 1873
1930 174 174 1873
1931 174 174 1877
1932 174 174 1877
1933 174 194 1590
1934 174 194 1590
1935 174 174 1879
1936 174 174 1879
1937 174 175 1793
1938 174 194 1793
1939 174 174 1227
1940 174 194 1227
1941 174 174 705
1942 174 178 705
1943 174 174 1806
1944 174 174 1806
1945 174 175 1886
1946 174 175 1886
1947 174 175 1272
1948 174 194 1272
1949 174 176 1819
1950 174 178 1819
1951 174 194 1421
1952 174 194 1421
1953 174 174 1889
1954 174 174 1889
1955 174 176 1425
1956 174 194 1425
1957 174 176 1235
1958 174 176 1235
1959 174 190 1778
1960 174 176 1778
1961 174 180 1242
1962 174 176 1242
1963 174 181 1852
1964 174 181 1852
1965 174 176 1895
1966 174 176 1895
1967 174 178 1872
1968 174 175 1872
1969 174 174 1897
1970 174 174 1897
1971 174 194 1361
1972 174 179 1361
1973 174 178 1695
1974 174 194 1695
1975 174 194 1360
1976 174 179 1360
1977 174 176 1901
1978 174 179 1901
1979 174 178 0
1980 175 175 1903
1981 175 175 1903
1982 175 175 1907
1983 175 175 1907
1984 175 175 1455
1985 175 175 1455
1986 175 175 1919
1987 175 175 1919
1988 175 179 1384
1989 175 179 1384
1990 175 176 1121
1991 175 176 1121
1992 175 175 1324
1993 175 175 1324
1994 175 175 1923
1995 175 175 1923
1996 175 175 1475
1997 175 183 1475
1998 175 178 1777
1999 175 178 1777
2000 175 175 1931
2001 175 175 1931
2002 175 175 1593
2003 175 194 1593
2004 175 194 1814
2005 175 175 1814
2006 175 182 1939
2007 175 179 1939
2008 175 176 1944
2009 175 176 1944
2010 175 194 1805
2011 175 182 1805
2012 175 183 1941
2013 175 191 1941
2014 175 175 1953
2015 175 175 1953
2016 175 194 1723
2017 175 176 1723
2018 175 194 989
2019 175 194 989
2020 175 175 1649
2021 175 194 1649
2022 175 187 1584
2023 175 185 1584
2024 175 194 1782
2025 175 194 1782
2026 175 194 1969
2027 175 194 1969
2028 175 189 1880
2029 175 176 1880
2030 175 194 1600
2031 175 194 1600
2032 176 176 1980
2033 176 176 1980
2034 176 176 1905
2035 176 177 1905
2036 176 177 1982
2037 176 177 1982
2038 176 194 1544
2039 176 176 1544
2040 176 177 1984
2041 176 178 1984
2042 176 177 1917
2043 176 177 1917
2044 176 176 1986
2045 176 176 1986
2046 176 194 1759
2047 176 177 1759
2048 176 177 1992
2049 176 177 1992
2050 176 176 1554
2051 176 176 1554
2052 176 194 1994
2053 176 194 1994
2054 176 187 1996
2055 176 183 1996
2056 176 176 1582
2057 176 185 1582
2058 176 176 2000
2059 176 176 2000
2060 176 194 2002
2061 176 194 2002
2062 176 176 791
2063 176 176 791
2064 176 182 1937
2065 176 180 1937
2066 176 178 1230
2067 176 178 1230
2068 176 176 1946
2069 176 176 1946
2070 176 194 1813
2071 176 194 1813
2072 176 194 1817
2073 176 184 1817
2074 176 176 1947
2075 176 176 1947
2076 176 176 1419
2077 176 194 1419
2078 176 178 1422
2079 176 178 1422
2080 176 176 2014
2081 176 176 2014
2082 176 176 1110
2083 176 176 1110
2084 176 181 1694
2085 176 194 1694
2086 176 194 816
2087 176 176 816
2088 177 194 2032
2089 177 177 2032
2090 177 177 2034
2091 177 177 2034
2092 177 177 2044
2093 177 177 2044
2094 177 177 1297
2095 177 177 1297
2096 177 177 1990
2097 177 177 1990
2098 177 177 1571
2099 177 177 1571
2100 177 177 2050
2101 177 177 2050
2102 177 177 1768
2103 177 177 1768
2104 177 177 2056
2105 177 177 2056
2106 177 177 1875
2107 177 177 1875
2108 177 177 2058
2109 177 177 2058
2110 177 194 1082
2111 177 177 1082
2112 177 194 1843
2113 177 194 1843
2114 177 194 2029
2115 177 194 2029
2116 177 194 2062
2117 177 194 2062
2118 177 178 2008
2119 177 178 2008
2120 177 177 2069
2121 177 177 2069
2122 177 185 1887
2123 177 185 1887
2124 177 194 1502
2125 177 194 1502
2126 177 177 1418
2127 177 177 1418
2128 177 177 2074
2129 177 177 2074
2130 177 177 2076
2131 177 177 2076
2132 177 194 1949
2133 177 178 1949
2134 177 177 1916
2135 177 177 1916
2136 177 184 1618
2137 177 184 1618
2138 177 177 2080
2139 177 177 2080
2140 177 194 1955
2141 177 194 1955
2142 177 190 1957
2143 177 178 1957
2144 177 190 1624
2145 177 194 1624
2146 177 179 1632
2147 177 179 1632
2148 177 194 1633
2149 177 194 1633
2150 177 180 1962
2151 177 194 1962
2152 177 181 796
2153 177 180 796
2154 177 180 1893
2155 177 180 1893
2156 177 177 1965
2157 177 177 1965
2158 177 177 1305
2159 177 177 1305
2160 177 177 2082
2161 177 177 2082
2162 177 177 1733
2163 177 194 1733
2164 177 194 1620
2165 177 194 1620
2166 177 179 1532
2167 177 194 1532
2168 177 194 842
2169 177 182 842
2170 177 194 1743
2171 177 194 1743
2172 177 194 0
2173 178 189 2090
2174 178 194 2090
2175 178 178 2036
2176 178 178 2036
2177 178 178 1749
2178 178 178 1749
2179 178 194 2035
2180 178 178 2035
2181 178 191 2040
2182 178 178 2040
2183 178 178 2092
2184 178 178 2092
2185 178 180 2094
2186 178 180 2094
2187 178 178 2096
2188 178 178 2096
2189 178 194 1921
2190 178 191 1921
2191 178 180 2098
2192 178 180 2098
2193 178 194 2049
2194 178 194 2049
2195 178 194 2100
2196 178 194 2100
2197 178 178 2102
2198 178 178 2102
2199 178 178 2159
2200 178 178 2159
2201 178 178 1460
2202 178 178 1460
2203 178 178 2043
2204 178 180 2043
2205 178 178 2104
2206 178 194 2104
2207 178 178 2106
2208 178 178 2106
2209 178 178 2108
2210 178 178 2108
2211 178 194 1764
2212 178 194 1764
2213 178 178 2120
2214 178 178 2120
2215 178 178 2126
2216 178 178 2126
2217 178 178 2128
2218 178 178 2128
2219 178 178 2130
2220 178 178 2130
2221 178 178 2134
2222 178 178 2134
2223 178 178 2138
2224 178 178 2138
2225 178 194 1892
2226 178 194 1892
2227 178 178 2156
2228 178 178 2156
2229 178 180 2160
2230 178 178 2160
2231 178 194 2162
2232 178 194 2162
2233 179 179 2175
2234 179 179 2175
2235 179 182 1913
2236 179 194 1913
2237 179 179 2177
2238 179 179 2177
2239 179 194 1468
2240 179 194 1468
2241 179 179 1557
2242 179 187 1557
2243 179 182 2202
2244 179 182 2202
2245 179 179 2183
2246 179 179 2183
2247 179 179 1295
2248 179 179 1295
2249 179 179 1568
2250 179 179 1568
2251 179 179 2187
2252 179 179 2187
2253 179 179 2180
2254 179 179 2180
2255 179 179 2197
2256 179 179 2197
2257 179 179 2199
2258 179 181 2199
2259 179 181 1927
2260 179 194 1927
2261 179 179 2203
2262 179 179 2203
2263 179 193 1579
2264 179 179 1579
2265 179 194 2205
2266 179 194 2205
2267 179 179 2207
2268 179 179 2207
2269 179 183 1998
2270 179 182 1998
2271 179 179 2209
2272 179 179 2209
2273 179 185 1789
2274 179 182 1789
2275 179 179 2066
2276 179 179 2066
2277 179 192 1942
2278 179 191 1942
2279 179 194 2118
2280 179 194 2118
2281 179 179 2214
2282 179 179 2214
2283 179 182 1492
2284 179 179 1492
2285 179 182 1790
2286 179 182 1790
2287 179 184 2215
2288 179 179 2215
2289 179 185 2217
2290 179 184 2217
2291 179 194 2219
2292 179 194 2219
2293 179 183 2078
2294 179 179 2078
2295 179 179 2221
2296 179 179 2221
2297 179 194 2223
2298 179 179 2223
2299 179 183 1722
2300 179 183 1722
2301 179 179 2227
2302 179 179 2227
2303 179 179 2041
2304 179 179 2041
2305 179 189 2230
2306 179 185 2230
2307 179 187 2133
2308 179 194 2133
2309 179 185 0
2310 180 180 2238
2311 180 180 2238
2312 180 181 2233
2313 180 181 2233
2314 180 181 2304
2315 180 181 2304
2316 180 180 1669
2317 180 180 1669
2318 180 180 2241
2319 180 180 2241
2320 180 180 2245
2321 180 180 2245
2322 180 180 2247
2323 180 180 2247
2324 180 181 2249
2325 180 181 2249
2326 180 194 1988
2327 180 194 1988
2328 180 180 2251
2329 180 180 2251
2330 180 180 2253
2331 180 180 2253
2332 180 180 2255
2333 180 180 2255
2334 180 181 2257
2335 180 194 2257
2336 180 180 2267
2337 180 180 2267
2338 180 180 2271
2339 180 180 2271
2340 180 194 1139
2341 180 194 1139
2342 180 194 1051
2343 180 181 1051
2344 180 180 2275
2345 180 180 2275
2346 180 194 2007
2347 180 182 2007
2348 180 180 2281
2349 180 180 2281
2350 180 183 1499
2351 180 194 1499
2352 180 180 2284
2353 180 180 2284
2354 180 182 2295
2355 180 184 2295
2356 180 180 2147
2357 180 180 2147
2358 180 180 1432
2359 180 180 1432
2360 180 180 1829
2361 180 180 1829
2362 180 181 2301
2363 180 181 2301
2364 180 185 2262
2365 180 180 2262
2366 180 194 1660
2367 180 184 1660
2368 180 181 2166
2369 180 181 2166
2370 180 191 1976
2371 180 191 1976
2372 180 183 0
2373 181 181 2310
2374 181 181 2310
2375 181 194 1664
2376 181 194 1664
2377 181 182 2317
2378 181 186 2317
2379 181 191 1860
2380 181 185 1860
2381 181 181 2319
2382 181 181 2319
2383 181 181 2204
2384 181 185 2204
2385 181 184 2320
2386 181 184 2320
2387 181 181 2323
2388 181 181 2323
2389 181 181 2185
2390 181 181 2185
2391 181 194 2328
2392 181 193 2328
2393 181 181 2330
2394 181 181 2330
2395 181 192 1385
2396 181 192 1385
2397 181 194 2191
2398 181 194 2191
2399 181 181 2332
2400 181 181 2332
2401 181 181 2336
2402 181 181 2336
2403 181 181 2338
2404 181 181 2338
2405 181 181 674
2406 181 181 674
2407 181 194 2065
2408 181 194 2065
2409 181 181 2344
2410 181 181 2344
2411 181 194 1495
2412 181 194 1495
2413 181 181 1883
2414 181 181 1883
2415 181 181 1807
2416 181 181 1807
2417 181 181 2348
2418 181 181 2348
2419 181 181 2352
2420 181 181 2352
2421 181 183 2356
2422 181 183 2356
2423 181 194 2150
2424 181 194 2150
2425 181 181 2358
2426 181 181 2358
2427 181 181 2360
2428 181 181 2360
2429 181 181 2154
2430 181 181 2154
2431 182 182 2373
2432 182 182 2373
2433 182 182 2312
2434 182 184 2312
2435 182 182 1910
2436 182 182 1910
2437 182 182 2314
2438 182 182 2314
2439 182 182 2381
2440 182 182 2381
2441 182 182 1755
2442 182 194 1755
2443 182 182 2383
2444 182 182 2383
2445 182 182 2388
2446 182 182 2388
2447 182 194 2389
2448 182 194 2389
2449 182 182 2324
2450 182 182 2324
2451 182 182 2393
2452 182 182 2393
2453 182 182 2399
2454 182 182 2399
2455 182 187 1670
2456 182 194 1670
2457 182 189 1925
2458 182 194 1925
2459 182 182 2334
2460 182 182 2334
2461 182 194 2259
2462 182 194 2259
2463 182 194 972
2464 182 194 972
2465 182 194 957
2466 182 194 957
2467 182 182 2401
2468 182 194 2401
2469 182 182 2404
2470 182 182 2404
2471 182 194 1634
2472 182 194 1634
2473 182 194 2405
2474 182 194 2405
2475 182 182 1597
2476 182 182 1597
2477 182 192 2409
2478 182 192 2409
2479 182 182 2413
2480 182 182 2413
2481 182 182 2415
2482 182 182 2415
2483 182 182 2417
2484 182 182 2417
2485 182 182 2419
2486 182 182 2419
2487 182 182 1823
2488 182 182 1823
2489 182 182 2425
2490 182 182 2425
2491 182 194 2427
2492 182 194 2427
2493 182 182 1488
2494 182 182 1488
2495 182 182 1963
2496 182 194 1963
2497 182 182 2152
2498 182 182 2152
2499 182 182 2430
2500 182 182 2430
2501 182 194 2362
2502 182 182 2362
2503 182 182 2368
2504 182 182 2368
2505 182 194 1264
2506 182 182 1264
2507 183 183 1666
2508 183 183 1666
2509 183 183 2431
2510 183 183 2431
2511 183 183 2433
2512 183 183 2433
2513 183 183 2235
2514 183 183 2235
2515 183 183 2435
2516 183 187 2435
2517 183 183 2437
2518 183 183 2437
2519 183 183 2439
2520 183 183 2439
2521 183 183 2243
2522 183 183 2243
2523 183 183 2443
2524 183 183 2443
2525 183 188 2445
2526 183 188 2445
2527 183 183 2449
2528 183 183 2449
2529 183 183 2451
2530 183 183 2451
2531 183 183 1681
2532 183 183 1681
2533 183 194 2453
2534 183 194 2453
2535 183 183 2459
2536 183 183 2459
2537 183 185 1756
2538 183 185 1756
2539 183 194 1688
2540 183 194 1688
2541 183 194 1211
2542 183 188 1211
2543 183 183 2469
2544 183 183 2469
2545 183 194 1787
2546 183 194 1787
2547 183 194 2064
2548 183 194 2064
2549 183 183 2475
2550 183 183 2475
2551 183 183 2479
2552 183 183 2479
2553 183 184 2006
2554 183 183 2006
2555 183 183 2481
2556 183 183 2481
2557 183 183 426
2558 183 183 426
2559 183 187 2483
2560 183 188 2483
2561 183 183 2485
2562 183 183 2485
2563 183 185 2011
2564 183 185 2011
2565 183 185 2285
2566 183 185 2285
2567 183 194 590
2568 183 194 590
2569 183 183 2487
2570 183 183 2487
2571 183 194 2489
2572 183 183 2489
2573 183 184 2270
2574 183 183 2270
2575 183 194 1727
2576 183 194 1727
2577 183 194 2493
2578 183 194 2493
2579 183 194 2495
2580 183 194 2495
2581 183 194 2497
2582 183 194 2497
2583 183 183 2499
2584 183 183 2499
2585 183 194 2502
2586 183 188 2502
2587 183 194 2503
2588 183 194 2503
2589 183 185 0
2590 184 194 2507
2591 184 186 2507
2592 184 184 2509
2593 184 184 2509
2594 184 184 2511
2595 184 194 2511
2596 184 184 1911
2597 184 184 1911
2598 184 194 2513
2599 184 184 2513
2600 184 194 2517
2601 184 189 2517
2602 184 184 2519
2603 184 184 2519
2604 184 194 2521
2605 184 187 2521
2606 184 194 2523
2607 184 188 2523
2608 184 194 2527
2609 184 194 2527
2610 184 184 2529
2611 184 184 2529
2612 184 194 2531
2613 184 194 2531
2614 184 184 2535
2615 184 184 2535
2616 184 184 1997
2617 184 184 1997
2618 184 184 2269
2619 184 189 2269
2620 184 184 2543
2621 184 184 2543
2622 184 184 2549
2623 184 184 2549
2624 184 185 2551
2625 184 185 2551
2626 184 184 2555
2627 184 184 2555
2628 184 184 2557
2629 184 184 2557
2630 184 184 1803
2631 184 184 1803
2632 184 185 2350
2633 184 185 2350
2634 184 194 2562
2635 184 194 2562
2636 184 184 2293
2637 184 184 2293
2638 184 184 2569
2639 184 184 2569
2640 184 184 2421
2641 184 184 2421
2642 184 184 2299
2643 184 184 2299
2644 184 184 2583
2645 184 184 2583
2646 184 184 2372
2647 184 184 2372
2648 185 185 2592
2649 185 185 2592
2650 185 185 2594
2651 185 185 2594
2652 185 185 2596
2653 185 185 2596
2654 185 185 2602
2655 185 185 2602
2656 185 188 2385
2657 185 188 2385
2658 185 189 2610
2659 185 191 2610
2660 185 187 2614
2661 185 194 2614
2662 185 185 2616
2663 185 185 2616
2664 185 185 2618
2665 185 185 2618
2666 185 194 2620
2667 185 194 2620
2668 185 185 2622
2669 185 185 2622
2670 185 185 2626
2671 185 185 2626
2672 185 185 2628
2673 185 185 2628
2674 185 194 2630
2675 185 194 2630
2676 185 185 2367
2677 185 185 2367
2678 185 185 2287
2679 185 185 2287
2680 185 185 2636
2681 185 185 2636
2682 185 185 2599
2683 185 185 2599
2684 185 190 2638
2685 185 190 2638
2686 185 191 2136
2687 185 191 2136
2688 185 185 2640
2689 185 185 2640
2690 185 186 2642
2691 185 186 2642
2692 185 185 2644
2693 185 185 2644
2694 185 194 2073
2695 185 194 2073
2696 185 185 2646
2697 185 185 2646
2698 186 186 2649
2699 186 186 2649
2700 186 194 2650
2701 186 194 2650
2702 186 186 2652
2703 186 186 2652
2704 186 194 2306
2705 186 191 2306
2706 186 186 2537
2707 186 186 2537
2708 186 186 2384
2709 186 186 2384
2710 186 186 2662
2711 186 186 2662
2712 186 194 2057
2713 186 194 2057
2714 186 186 2664
2715 186 186 2664
2716 186 194 2273
2717 186 194 2273
2718 186 186 2668
2719 186 186 2668
2720 186 186 2624
2721 186 186 2624
2722 186 186 2670
2723 186 186 2670
2724 186 186 2672
2725 186 186 2672
2726 186 194 2676
2727 186 194 2676
2728 186 194 1329
2729 186 194 1329
2730 186 194 2678
2731 186 194 2678
2732 186 194 2289
2733 186 194 2289
2734 186 186 2680
2735 186 186 2680
2736 186 194 2682
2737 186 193 2682
2738 186 186 2688
2739 186 186 2688
2740 186 186 2692
2741 186 186 2692
2742 186 190 2123
2743 186 190 2123
2744 186 186 2633
2745 186 186 2633
2746 186 186 2380
2747 186 186 2380
2748 186 187 2655
2749 186 187 2655
2750 186 194 2564
2751 186 194 2564
2752 186 187 2565
2753 186 194 2565
2754 186 186 2696
2755 186 186 2696
2756 187 187 2698
2757 187 187 2698
2758 187 187 2591
2759 187 187 2591
2760 187 192 2702
2761 187 187 2702
2762 187 194 2706
2763 187 194 2706
2764 187 187 2708
2765 187 187 2708
2766 187 187 2710
2767 187 187 2710
2768 187 187 2714
2769 187 187 2714
2770 187 187 2718
2771 187 187 2718
2772 187 187 2720
2773 187 187 2720
2774 187 194 2722
2775 187 194 2722
2776 187 187 2724
2777 187 187 2724
2778 187 187 1799
2779 187 187 1799
2780 187 187 1811
2781 187 187 1811
2782 187 187 2745
2783 187 187 2745
2784 187 187 2734
2785 187 187 2734
2786 187 187 2738
2787 187 187 2738
2788 187 187 2690
2789 187 187 2690
2790 187 187 2740
2791 187 187 2740
2792 187 189 2746
2793 187 191 2746
2794 187 194 2754
2795 187 194 2754
2796 188 188 2756
2797 188 188 2756
2798 188 194 2758
2799 188 194 2758
2800 188 188 2761
2801 188 188 2761
2802 188 188 2455
2803 188 188 2455
2804 188 192 2605
2805 188 192 2605
2806 188 194 2054
2807 188 194 2054
2808 188 188 2766
2809 188 188 2766
2810 188 191 2768
2811 188 191 2768
2812 188 188 2242
2813 188 188 2242
2814 188 188 2770
2815 188 188 2770
2816 188 188 2772
2817 188 188 2772
2818 188 188 2777
2819 188 188 2777
2820 188 188 1810
2821 188 189 1810
2822 188 188 2778
2823 188 188 2778
2824 188 188 2780
2825 188 188 2780
2826 188 188 2782
2827 188 188 2782
2828 188 188 2784
2829 188 188 2784
2830 188 188 2786
2831 188 188 2786
2832 188 188 2788
2833 188 188 2788
2834 188 188 2790
2835 188 194 2790
2836 188 194 2765
2837 188 188 2765
2838 188 188 2307
2839 188 188 2307
2840 189 189 2796
2841 189 189 2796
2842 189 189 2800
2843 189 189 2800
2844 189 189 2813
2845 189 189 2813
2846 189 189 2607
2847 189 189 2607
2848 189 194 2656
2849 189 194 2656
2850 189 189 2525
2851 189 189 2525
2852 189 194 2802
2853 189 194 2802
2854 189 189 2808
2855 189 189 2808
2856 189 189 2814
2857 189 189 2814
2858 189 189 2816
2859 189 189 2816
2860 189 189 2818
2861 189 189 2818
2862 189 189 2820
2863 189 193 2820
2864 189 189 2822
2865 189 189 2822
2866 189 190 2824
2867 189 190 2824
2868 189 189 2827
2869 189 189 2827
2870 189 189 2828
2871 189 189 2828
2872 189 189 2830
2873 189 189 2830
2874 189 189 2832
2875 189 189 2832
2876 189 189 2542
2877 189 189 2542
2878 189 194 2838
2879 189 194 2838
2880 189 194 2586
2881 189 194 2586
2882 190 190 2173
2883 190 190 2173
2884 190 190 2840
2885 190 190 2840
2886 190 190 2842
2887 190 190 2842
2888 190 190 2844
2889 190 190 2844
2890 190 190 2846
2891 190 190 2846
2892 190 191 2851
2893 190 194 2851
2894 190 190 2457
2895 190 190 2457
2896 190 190 2854
2897 190 190 2854
2898 190 190 2856
2899 190 190 2856
2900 190 194 2858
2901 190 194 2858
2902 190 190 2860
2903 190 190 2860
2904 190 190 2862
2905 190 190 2862
2906 190 190 2864
2907 190 190 2864
2908 190 190 2868
2909 190 190 2868
2910 190 190 2870
2911 190 190 2870
2912 190 190 2872
2913 190 190 2872
2914 190 190 1623
2915 190 190 1623
2916 190 190 2874
2917 190 190 2874
2918 190 194 2305
2919 190 192 2305
2920 190 190 2876
2921 190 190 2876
2922 190 190 2619
2923 190 190 2619
2924 190 192 0
2925 191 191 2882
2926 191 191 2882
2927 191 191 2884
2928 191 191 2884
2929 191 191 2886
2930 191 191 2886
2931 191 191 2888
2932 191 191 2888
2933 191 191 2890
2934 191 191 2890
2935 191 192 2894
2936 191 191 2894
2937 191 191 2896
2938 191 191 2896
2939 191 191 1405
2940 191 191 1405
2941 191 191 2898
2942 191 191 2898
2943 191 191 2902
2944 191 191 2902
2945 191 191 2905
2946 191 191 2905
2947 191 191 2906
2948 191 191 2906
2949 191 191 2866
2950 191 191 2866
2951 191 191 2908
2952 191 191 2908
2953 191 191 2743
2954 191 191 2743
2955 191 191 2910
2956 191 191 2910
2957 191 191 2684
2958 191 191 2684
2959 191 191 2912
2960 191 191 2912
2961 191 191 2914
2962 191 191 2914
2963 191 191 2142
2964 191 191 2142
2965 191 191 2916
2966 191 191 2916
2967 191 193 2920
2968 191 193 2920
2969 191 191 2922
2970 191 191 2922
2971 192 192 2925
2972 192 192 2925
2973 192 192 2927
2974 192 192 2927
2975 192 192 2929
2976 192 192 2929
2977 192 194 2181
2978 192 192 2181
2979 192 194 2379
2980 192 194 2379
2981 192 194 2931
2982 192 194 2931
2983 192 192 2933
2984 192 192 2933
2985 192 192 2659
2986 192 192 2659
2987 192 192 2937
2988 192 192 2937
2989 192 192 2939
2990 192 192 2939
2991 192 192 2810
2992 192 192 2810
2993 192 194 1005
2994 192 194 1005
2995 192 194 1781
2996 192 194 1781
2997 192 192 2941
2998 192 192 2941
2999 192 194 1859
3000 192 194 1859
3001 192 192 2013
3002 192 194 2013
3003 192 193 2943
3004 192 193 2943
3005 192 192 2945
3006 192 192 2945
3007 192 192 2947
3008 192 192 2947
3009 192 192 2949
3010 192 192 2949
3011 192 194 2951
3012 192 194 2951
3013 192 192 2953
3014 192 192 2953
3015 192 194 2955
3016 192 194 2955
3017 192 192 2957
3018 192 192 2957
3019 192 192 2686
3020 192 192 2686
3021 192 192 2961
3022 192 192 2961
3023 192 192 2963
3024 192 192 2963
3025 192 192 2965
3026 192 192 2965
3027 192 192 2960
3028 192 192 2960
3029 192 194 2705
3030 192 194 2705
3031 192 192 2969
3032 192 192 2969
3033 192 194 2370
3034 192 194 2370
3035 193 193 2971
3036 193 193 2971
3037 193 193 2973
3038 193 193 2973
3039 193 194 2760
3040 193 194 2760
3041 193 194 2975
3042 193 193 2975
3043 193 193 2983
3044 193 193 2983
3045 193 193 2985
3046 193 193 2985
3047 193 193 2395
3048 193 193 2395
3049 193 193 2935
3050 193 193 2935
3051 193 193 2805
3052 193 193 2805
3053 193 193 2987
3054 193 193 2987
3055 193 193 2989
3056 193 193 2989
3057 193 193 2991
3058 193 193 2991
3059 193 194 2477
3060 193 194 2477
3061 193 193 3001
3062 193 193 3001
3063 193 194 3005
3064 193 193 3005
3065 193 193 3007
3066 193 193 3007
3067 193 193 3009
3068 193 193 3009
3069 193 193 3013
3070 193 193 3013
3071 193 193 3017
3072 193 193 3017
3073 193 193 3019
3074 193 193 3019
3075 193 193 3028
3076 193 193 3028
3077 193 193 3021
3078 193 193 3021
3079 193 193 3023
3080 193 193 3023
3081 193 194 3025
3082 193 194 3025
3083 193 194 2998
3084 193 194 2998
3085 193 193 2924
3086 193 193 2924
3087 193 194 3031
3088 193 194 3031
3089 194 194 3035
3090 194 194 3035
3091 194 194 3037
3092 194 194 3037
3093 194 194 3042
3094 194 194 3042
3095 194 194 3043
3096 194 194 3043
3097 194 194 3045
3098 194 194 3045
3099 194 194 3047
3100 194 194 3047
3101 194 194 3049
3102 194 194 3049
3103 194 194 3051
3104 194 194 3051
3105 194 194 2263
3106 194 194 2263
3107 194 194 3053
3108 194 194 3053
3109 194 194 3055
3110 194 194 3055
3111 194 194 3057
3112 194 194 3057
3113 194 194 3061
3114 194 194 3061
3115 194 194 3003
3116 194 194 3003
3117 194 194 3064
3118 194 194 3064
3119 194 194 3065
3120 194 194 3065
3121 194 194 3067
3122 194 194 3067
3123 194 194 3069
3124 194 194 3069
3125 194 194 3071
3126 194 194 3071
3127 194 194 3073
3128 194 194 3073
3129 194 194 3077
3130 194 194 3077
3131 194 194 3079
3132 194 194 3079
3133 194 194 3076
3134 194 194 3076
3135 194 194 1122
3136 194 194 1122
3137 194 194 955
3138 194 194 955
3139 194 194 3085
3140 194 194 3085
3141 194 194 2967
3142 194 194 2967
