1 0 3 0
2 0 3 0
3 0 5 0
4 0 4 0
5 4 4 1
6 4 17 1
7 4 194 2
8 4 17 2
9 5 34 0
10 5 194 0
11 6 6 0
12 7 57 11
13 7 194 11
14 11 28 0
15 18 59 6
16 18 58 6
17 18 59 8
18 18 34 8
19 19 162 0
20 19 194 0
21 24 44 0
22 25 69 0
23 29 51 0
24 29 194 0
25 35 86 0
26 35 130 0
27 35 194 0
28 35 165 0
29 35 124 0
30 35 169 0
31 35 59 0
32 35 194 0
33 35 85 0
34 35 164 0
35 35 65 0
36 45 87 0
37 45 58 0
38 45 194 0
39 52 173 23
40 52 128 23
41 52 105 0
42 58 134 12
43 58 194 12
44 58 86 0
45 59 85 16
46 59 194 16
47 59 194 37
48 59 194 37
49 59 119 0
50 59 85 0
51 59 86 0
52 59 171 0
53 59 194 0
54 60 123 15
55 60 84 15
56 60 194 31
57 60 88 31
58 60 88 17
59 60 194 17
60 60 87 0
61 60 87 0
62 60 194 0
63 61 194 0
64 61 128 0
65 64 104 0
66 66 147 35
67 66 194 35
68 68 163 0
69 69 194 0
70 70 85 22
71 70 194 22
72 71 181 0
73 80 110 0
74 80 194 0
75 82 194 0
76 84 121 0
77 85 86 0
78 85 170 0
79 85 166 0
80 85 119 0
81 85 168 0
82 85 184 0
83 86 165 45
84 86 132 45
85 86 194 50
86 86 194 50
87 86 122 33
88 86 176 33
89 86 108 70
90 86 169 70
91 86 160 0
92 86 121 0
93 86 194 0
94 87 173 25
95 87 119 25
96 87 119 44
97 87 164 44
98 87 194 77
99 87 194 77
100 87 194 51
101 87 167 51
102 87 194 0
103 87 96 0
104 87 194 0
105 87 160 0
106 87 163 0
107 87 118 0
108 88 119 60
109 88 194 60
110 88 194 36
111 88 165 36
112 88 121 61
113 88 97 61
114 88 102 0
115 88 125 0
116 89 122 57
117 89 194 57
118 89 194 58
119 89 170 58
120 89 194 0
121 89 118 0
122 89 125 0
123 90 118 0
124 97 118 103
125 97 194 103
126 97 128 0
127 98 171 113
128 98 129 113
129 98 194 0
130 99 122 0
131 101 145 0
132 101 194 0
133 102 194 0
134 103 194 114
135 103 194 114
136 105 194 65
137 105 194 65
138 106 160 41
139 106 146 41
140 106 194 0
141 108 194 0
142 109 123 89
143 109 120 89
144 111 194 73
145 111 194 73
146 112 121 0
147 113 194 0
148 115 194 0
149 117 153 0
150 117 125 0
151 118 158 0
152 118 194 0
153 118 194 0
154 119 122 124
155 119 119 124
156 119 194 123
157 119 194 123
158 119 119 107
159 119 194 107
160 119 137 121
161 119 161 121
162 119 122 0
163 120 194 95
164 120 194 95
165 120 167 108
166 120 194 108
167 120 194 96
168 120 194 96
169 120 194 155
170 120 164 155
171 120 194 49
172 120 125 49
173 120 169 80
174 120 194 80
175 120 194 158
176 120 194 158
177 120 194 0
178 120 160 0
179 120 120 0
180 120 124 0
181 121 194 179
182 121 194 179
183 121 165 143
184 121 154 143
185 121 122 0
186 121 194 0
187 121 194 0
188 121 194 0
189 121 123 0
190 121 167 0
191 121 194 0
192 121 194 0
193 121 194 0
194 121 194 0
195 122 137 92
196 122 194 92
197 122 158 76
198 122 194 76
199 122 165 112
200 122 168 112
201 122 194 146
202 122 128 146
203 122 167 0
204 122 194 0
205 123 194 185
206 123 184 185
207 123 194 162
208 123 194 162
209 123 194 154
210 123 194 154
211 123 194 116
212 123 175 116
213 123 176 87
214 123 165 87
215 123 194 130
216 123 159 130
217 124 194 54
218 124 169 54
219 124 173 142
220 124 194 142
221 124 194 189
222 124 194 189
223 124 194 0
224 124 194 0
225 124 173 0
226 125 126 29
227 125 171 29
228 125 194 180
229 125 194 180
230 125 194 0
231 125 194 0
232 126 194 150
233 126 194 150
234 126 194 115
235 126 174 115
236 126 170 0
237 126 126 0
238 127 194 226
239 127 194 226
240 127 173 0
241 127 194 0
242 127 194 0
243 127 194 0
244 127 173 0
245 129 169 126
246 129 157 126
247 129 174 64
248 129 176 64
249 129 194 40
250 129 194 40
251 129 171 202
252 129 165 202
253 129 177 0
254 129 194 0
255 130 171 128
256 130 194 128
257 130 194 0
258 131 194 26
259 131 162 26
260 131 179 0
261 132 194 0
262 133 194 84
263 133 194 84
264 135 194 42
265 135 194 42
266 136 194 0
267 137 194 0
268 138 169 195
269 138 194 195
270 138 161 160
271 138 194 160
272 139 194 0
273 143 194 0
274 145 163 0
275 146 194 131
276 146 194 131
277 146 194 0
278 147 194 139
279 147 194 139
280 148 167 66
281 148 194 66
282 152 194 0
283 154 194 149
284 154 184 149
285 154 194 0
286 155 179 184
287 155 175 184
288 155 194 0
289 156 194 0
290 156 194 0
291 156 194 0
292 158 164 246
293 158 194 246
294 159 194 151
295 159 194 151
296 159 194 197
297 159 194 197
298 159 194 0
299 159 194 0
300 160 169 216
301 160 160 216
302 161 194 301
303 161 194 301
304 161 194 91
305 161 194 91
306 161 173 178
307 161 194 178
308 161 194 105
309 161 194 105
310 161 194 138
311 161 194 138
312 162 194 161
313 162 194 161
314 162 194 270
315 162 167 270
316 162 166 0
317 162 194 0
318 163 194 259
319 163 194 259
320 163 194 19
321 163 165 19
322 163 178 0
323 163 194 0
324 163 194 0
325 163 194 0
326 163 166 0
327 163 194 0
328 163 194 0
329 163 194 0
330 163 194 0
331 163 194 0
332 164 194 68
333 164 194 68
334 164 194 274
335 164 168 274
336 164 194 106
337 164 194 106
338 164 194 0
339 164 194 0
340 165 194 97
341 165 168 97
342 165 194 170
343 165 194 170
344 165 194 34
345 165 194 34
346 165 174 292
347 165 194 292
348 165 194 0
349 165 194 0
350 165 194 0
351 165 194 0
352 166 166 83
353 166 177 83
354 166 194 321
355 166 194 321
356 166 194 28
357 166 194 28
358 166 194 183
359 166 194 183
360 166 194 111
361 166 194 111
362 166 194 214
363 166 194 214
364 166 194 199
365 166 194 199
366 166 194 252
367 166 194 252
368 166 194 0
369 166 194 0
370 166 194 0
371 166 194 0
372 166 194 0
373 166 194 0
374 166 194 0
375 166 194 0
376 167 168 352
377 167 173 352
378 167 194 316
379 167 194 316
380 167 194 79
381 167 194 79
382 167 194 326
383 167 194 326
384 167 194 0
385 167 175 0
386 167 194 0
387 167 194 0
388 167 194 0
389 167 194 0
390 167 168 0
391 167 169 0
392 168 194 203
393 168 194 203
394 168 194 315
395 168 194 315
396 168 194 165
397 168 194 165
398 168 194 101
399 168 194 101
400 168 194 190
401 168 194 190
402 168 194 280
403 168 194 280
404 168 194 0
405 168 194 0
406 168 169 0
407 168 194 0
408 169 171 376
409 169 194 376
410 169 194 341
411 169 194 341
412 169 194 200
413 169 194 200
414 169 194 81
415 169 194 81
416 169 172 335
417 169 194 335
418 169 194 390
419 169 194 390
420 169 194 0
421 169 194 0
422 169 182 0
423 170 194 218
424 170 194 218
425 170 194 300
426 170 194 300
427 170 194 30
428 170 194 30
429 170 194 173
430 170 194 173
431 170 194 245
432 170 194 245
433 170 194 406
434 170 194 406
435 170 171 268
436 170 194 268
437 170 194 391
438 170 194 391
439 170 194 90
440 170 194 90
441 170 194 0
442 170 194 0
443 170 194 0
444 171 194 236
445 171 171 236
446 171 194 78
447 171 194 78
448 171 194 119
449 171 194 119
450 171 194 0
451 171 194 0
452 171 194 0
453 171 194 0
454 172 173 408
455 172 173 408
456 172 194 127
457 172 194 127
458 172 194 255
459 172 194 255
460 172 194 445
461 172 194 445
462 172 194 52
463 172 194 52
464 172 194 435
465 172 194 435
466 172 194 227
467 172 194 227
468 172 194 251
469 172 194 251
470 172 194 0
471 172 194 0
472 173 194 416
473 173 194 416
474 174 194 454
475 174 194 454
476 174 194 240
477 174 194 240
478 174 194 94
479 174 194 94
480 174 194 306
481 174 194 306
482 174 182 219
483 174 194 219
484 174 194 225
485 174 194 225
486 174 194 39
487 174 194 39
488 174 194 244
489 174 194 244
490 174 194 0
491 175 194 235
492 175 194 235
493 175 194 346
494 175 194 346
495 175 194 247
496 175 194 247
497 175 194 0
498 175 194 0
499 176 194 385
500 176 194 385
501 176 194 212
502 176 194 212
503 176 194 287
504 176 194 287
505 176 194 0
506 176 194 0
507 177 194 88
508 177 194 88
509 177 194 213
510 177 194 213
511 177 194 248
512 177 194 248
513 177 194 0
514 177 194 0
515 177 194 0
516 178 194 353
517 178 194 353
518 178 194 0
519 178 194 0
520 179 194 322
521 179 194 322
522 179 194 0
523 179 194 0
524 179 194 0
525 180 194 260
526 180 194 260
527 180 194 286
528 180 194 286
529 181 194 0
530 181 194 0
531 182 194 72
532 182 194 72
533 182 194 0
534 183 194 482
535 183 194 482
536 183 194 422
537 183 194 422
538 183 194 0
539 183 194 0
540 185 194 206
541 185 194 206
542 185 194 82
543 185 194 82
544 186 194 0
545 186 194 0
546 190 194 0
547 192 194 0
548 192 194 0
