1 0 0 0
2 0 1 0
3 1 3 0
4 2 2 0
5 3 3 4
6 3 15 4
7 4 5 0
8 4 4 0
9 4 18 0
10 5 5 0
11 6 14 0
12 6 6 0
13 7 10 0
14 11 12 0
15 13 189 0
16 14 17 0
17 15 189 0
18 15 30 0
19 16 189 0
20 16 18 0
21 18 26 0
22 18 189 0
23 19 46 0
24 19 20 0
25 21 30 0
26 27 189 21
27 27 28 21
28 27 27 0
29 28 189 0
30 28 31 0
31 28 29 0
32 29 30 0
33 29 46 0
34 30 189 0
35 30 189 0
36 31 31 0
37 31 189 0
38 31 141 0
39 32 87 0
40 32 189 0
41 32 132 0
42 38 189 0
43 41 66 0
44 42 189 0
45 42 189 0
46 42 64 0
47 42 189 0
48 43 189 0
49 43 189 0
50 43 189 0
51 47 189 33
52 47 189 33
53 47 99 23
54 47 67 23
55 50 189 0
56 51 189 0
57 62 189 0
58 62 189 0
59 62 189 0
60 63 189 0
61 63 189 0
62 63 189 0
63 63 189 0
64 63 189 0
65 63 189 0
66 64 189 0
67 64 189 0
68 65 189 46
69 65 189 46
70 65 189 0
71 66 189 0
72 66 189 0
73 67 189 43
74 67 189 43
75 67 189 0
76 68 93 54
77 68 189 54
78 68 189 0
79 68 189 0
80 69 189 0
81 70 189 0
82 71 189 0
83 76 189 0
84 78 189 0
85 78 189 0
86 81 189 0
87 87 189 0
88 88 189 39
89 88 189 39
90 88 189 0
91 88 189 0
92 88 161 0
93 89 189 0
94 89 189 0
95 89 189 0
96 89 189 0
97 89 189 0
98 90 189 0
99 90 189 0
100 90 189 0
101 90 189 0
102 90 189 0
103 90 189 0
104 90 189 0
105 90 189 0
106 90 189 0
107 91 189 0
108 91 189 0
109 91 189 0
110 91 189 0
111 91 189 0
112 91 189 0
113 91 189 0
114 91 189 0
115 91 152 0
116 92 189 0
117 92 189 0
118 92 189 0
119 93 189 0
120 93 189 0
121 93 189 0
122 93 189 0
123 94 189 76
124 94 189 76
125 96 189 0
126 96 189 0
127 96 189 0
128 96 189 0
129 97 189 0
130 100 189 53
131 100 189 53
132 101 189 0
133 101 189 0
134 106 189 0
135 108 189 0
136 110 189 0
137 110 189 0
138 111 189 0
139 113 189 0
140 116 189 0
141 116 189 0
142 116 189 0
143 117 189 0
144 117 189 0
145 118 189 0
146 118 189 0
147 118 189 0
148 119 189 0
149 119 189 0
150 119 189 0
151 119 189 0
152 119 189 0
153 120 189 0
154 120 189 0
155 120 189 0
156 120 189 0
157 120 189 0
158 120 189 0
159 120 189 0
160 120 189 0
161 121 189 0
162 121 189 0
163 121 189 0
164 121 189 0
165 121 189 0
166 121 189 0
167 121 189 0
168 121 140 0
169 122 189 0
170 122 189 0
171 122 189 0
172 122 189 0
173 122 189 0
174 122 189 0
175 122 189 0
176 123 189 0
177 123 189 0
178 123 189 0
179 123 189 0
180 123 189 0
181 124 189 0
182 124 189 0
183 124 189 0
184 124 189 0
185 124 189 0
186 125 189 0
187 125 189 0
188 125 189 0
189 125 189 0
190 125 189 0
191 125 189 0
192 125 189 0
193 126 189 0
194 126 189 0
195 126 189 0
196 126 189 0
197 126 189 0
198 126 189 0
199 127 189 0
200 127 189 0
201 127 189 0
202 127 189 0
203 127 189 0
204 127 189 0
205 127 189 0
206 128 189 0
207 128 189 0
208 128 189 0
209 129 189 0
210 130 189 0
211 131 189 0
212 132 189 0
213 132 189 0
214 133 189 41
215 133 189 41
216 134 189 0
217 134 189 0
218 136 189 0
219 137 189 0
220 137 189 0
221 142 189 0
222 143 189 0
223 144 189 0
224 146 189 0
225 148 189 0
226 149 189 0
227 150 189 0
228 151 189 0
229 151 189 0
230 151 189 0
231 152 189 0
232 152 189 0
233 152 189 0
234 153 189 0
235 153 189 0
236 153 189 0
237 153 189 0
238 153 189 0
239 153 189 0
240 154 189 0
241 154 189 0
242 154 189 0
243 154 189 0
244 155 189 0
245 155 189 0
246 155 189 0
247 155 189 0
248 155 189 0
249 155 189 0
250 156 189 0
251 156 189 0
252 156 189 0
253 156 189 0
254 156 189 0
255 156 189 0
256 156 189 0
257 157 189 0
258 157 189 0
259 157 189 0
260 157 189 0
261 157 189 0
262 158 189 0
263 158 189 0
264 158 189 0
265 158 189 0
266 158 189 0
267 158 189 0
268 158 189 0
269 159 189 0
270 159 189 0
271 159 189 0
272 159 189 0
273 159 189 0
274 159 189 0
275 159 189 0
276 159 189 0
277 160 189 0
278 160 189 0
279 160 189 0
280 160 189 0
281 160 189 0
282 160 189 0
283 160 189 0
284 160 189 0
285 161 189 0
286 161 189 0
287 161 189 0
288 161 189 0
289 161 189 0
290 161 189 0
291 161 189 0
292 162 189 92
293 162 189 92
294 162 189 0
295 162 189 0
296 162 189 0
297 162 189 0
298 162 189 0
299 162 189 0
300 162 189 0
301 162 189 0
302 162 189 0
303 162 189 0
304 162 189 0
305 162 189 0
306 162 189 0
307 162 189 0
308 162 189 0
309 163 189 0
310 163 189 0
311 163 189 0
312 163 189 0
313 163 189 0
314 164 189 0
315 164 189 0
316 164 189 0
317 164 189 0
318 164 189 0
319 164 189 0
320 164 189 0
321 164 189 0
322 164 189 0
323 164 189 0
324 165 189 0
325 165 189 0
326 165 189 0
327 165 189 0
328 165 189 0
329 165 189 0
330 165 189 0
331 165 189 0
332 165 189 0
333 166 189 0
334 166 189 0
335 166 189 0
336 166 189 0
337 166 189 0
338 166 189 0
339 166 189 0
340 166 189 0
341 167 189 0
342 167 189 0
343 167 189 0
344 167 189 0
345 167 189 0
346 167 189 0
347 167 189 0
348 167 189 0
349 168 189 0
350 168 189 0
351 168 189 0
352 168 189 0
353 168 189 0
354 169 189 0
355 169 189 0
356 169 189 0
357 170 189 0
358 170 189 0
359 170 189 0
360 170 189 0
361 171 189 0
362 171 189 0
363 171 189 0
364 172 189 0
365 172 189 0
366 172 189 0
367 172 189 0
368 172 189 0
369 172 189 0
370 172 189 0
371 173 189 0
372 173 189 0
373 173 189 0
374 173 189 0
375 173 189 0
376 173 189 0
377 173 189 0
378 174 189 0
379 174 189 0
380 175 189 0
381 175 189 0
382 175 189 0
383 175 189 0
384 175 189 0
385 175 189 0
386 175 189 0
387 176 189 0
388 176 189 0
389 177 189 0
390 177 189 0
391 181 189 0
392 181 189 0
393 183 189 0
394 184 189 0
395 185 189 0
396 185 189 0
397 186 189 0
398 187 189 0
399 189 189 0
