1 120 125 0
2 120 125 0
3 120 121 0
4 120 125 0
5 120 121 0
6 120 121 0
7 120 125 0
8 120 125 0
9 120 123 0
10 120 120 0
11 120 123 0
12 120 125 0
13 120 120 0
14 120 120 0
15 120 125 0
16 120 123 0
17 120 121 0
18 120 125 0
19 120 125 0
20 120 125 0
21 120 120 0
22 120 123 0
23 120 123 0
24 120 125 0
25 120 123 0
26 120 125 0
27 120 125 0
28 120 123 0
29 120 125 0
30 120 125 0
31 120 123 0
32 120 122 0
33 120 122 0
34 120 123 0
35 120 121 0
36 120 125 0
37 120 122 0
38 120 121 0
39 120 125 0
40 120 120 0
41 120 121 0
42 120 125 0
43 120 122 0
44 120 124 0
45 120 125 0
46 120 125 0
47 120 125 0
48 120 122 0
49 120 124 0
50 120 120 0
51 120 125 0
52 120 125 0
53 120 124 0
54 120 121 0
55 120 124 0
56 120 122 0
57 120 121 0
58 120 122 0
59 120 122 0
60 120 125 0
61 120 120 0
62 120 120 0
63 120 125 0
64 120 124 0
65 120 121 0
66 120 123 0
67 120 123 0
68 120 125 0
69 120 122 0
70 120 125 0
71 120 124 0
72 120 120 0
73 120 124 0
74 120 122 0
75 120 125 0
76 120 125 0
77 120 125 0
78 120 125 0
79 120 125 0
80 120 125 0
81 120 125 0
82 120 125 0
83 120 122 0
84 120 123 0
85 120 125 0
86 120 125 0
87 120 125 0
88 120 122 0
89 120 125 0
90 120 121 0
91 120 125 0
92 120 120 0
93 120 120 0
94 120 124 0
95 120 122 0
96 120 125 0
97 120 120 0
98 120 124 0
99 120 125 0
100 120 122 0
101 120 121 0
102 120 123 0
103 120 122 0
104 120 125 0
105 120 123 0
106 120 120 0
107 120 125 0
108 120 124 0
109 120 125 0
110 120 125 0
111 120 120 0
112 120 120 0
113 120 123 0
114 120 125 0
115 120 125 0
116 120 122 0
117 120 121 0
118 121 121 10
119 121 125 10
120 121 121 13
121 121 125 13
122 121 121 14
123 121 125 14
124 121 121 21
125 121 125 21
126 121 125 40
127 121 123 40
128 121 121 50
129 121 125 50
130 121 125 61
131 121 122 61
132 121 125 62
133 121 125 62
134 121 121 72
135 121 125 72
136 121 121 92
137 121 122 92
138 121 123 93
139 121 121 93
140 121 125 97
141 121 121 97
142 121 121 106
143 121 125 106
144 121 125 111
145 121 122 111
146 121 125 112
147 121 125 112
148 121 125 0
149 121 121 0
150 121 122 0
151 121 125 0
152 121 122 0
153 121 125 0
154 121 123 0
155 121 123 0
156 121 122 0
157 121 125 0
158 121 125 0
159 121 125 0
160 122 125 6
161 122 122 6
162 122 125 149
163 122 123 149
164 122 125 17
165 122 122 17
166 122 125 5
167 122 122 5
168 122 122 35
169 122 125 35
170 122 122 41
171 122 125 41
172 122 125 54
173 122 122 54
174 122 122 65
175 122 125 65
176 122 125 57
177 122 125 57
178 122 125 90
179 122 122 90
180 122 125 101
181 122 122 101
182 122 122 117
183 122 125 117
184 122 123 0
185 122 125 0
186 122 125 0
187 122 125 0
188 122 123 0
189 122 123 0
190 123 123 167
191 123 125 167
192 123 125 37
193 123 123 37
194 123 124 32
195 123 125 32
196 123 125 48
197 123 124 48
198 123 123 59
199 123 123 59
200 123 123 69
201 123 125 69
202 123 125 74
203 123 123 74
204 123 123 83
205 123 124 83
206 123 123 88
207 123 125 88
208 123 125 137
209 123 125 137
210 123 123 103
211 123 125 103
212 123 123 100
213 123 125 100
214 123 125 145
215 123 123 145
216 123 125 116
217 123 123 116
218 123 125 95
219 123 123 95
220 123 125 0
221 123 125 0
222 123 124 0
223 123 125 0
224 123 125 0
225 124 125 28
226 124 125 28
227 124 124 16
228 124 125 16
229 124 124 9
230 124 125 9
231 124 124 23
232 124 125 23
233 124 124 25
234 124 125 25
235 124 125 22
236 124 124 22
237 124 125 34
238 124 124 34
239 124 125 11
240 124 125 11
241 124 125 155
242 124 124 155
243 124 125 127
244 124 124 127
245 124 125 31
246 124 124 31
247 124 124 184
248 124 124 184
249 124 125 154
250 124 125 154
251 124 125 66
252 124 124 66
253 124 125 67
254 124 125 67
255 124 124 198
256 124 125 198
257 124 125 84
258 124 125 84
259 124 124 102
260 124 125 102
261 124 125 188
262 124 124 188
263 124 125 113
264 124 124 113
265 124 124 189
266 124 125 189
267 124 125 105
268 124 124 105
269 124 124 0
270 124 125 0
271 124 124 0
272 124 125 0
273 124 125 0
274 124 124 0
275 125 125 269
276 125 125 269
277 125 125 271
278 125 125 271
279 125 125 44
280 125 125 44
281 125 125 71
282 125 125 71
283 125 125 53
284 125 125 53
285 125 125 197
286 125 125 197
287 125 125 73
288 125 125 73
289 125 125 64
290 125 125 64
291 125 125 49
292 125 125 49
293 125 125 94
294 125 125 94
295 125 125 205
296 125 125 205
297 125 125 108
298 125 125 108
299 125 125 274
300 125 125 274
301 125 125 98
302 125 125 98
