1 0 0 0
2 0 1 0
3 1 3 0
4 2 2 0
5 3 3 0
6 3 5 0
7 4 5 0
8 4 4 0
9 4 4 0
10 5 5 0
11 5 5 0
12 6 6 0
13 6 6 0
14 6 6 0
15 6 6 0
16 7 9 0
17 7 10 0
18 7 10 0
19 7 14 0
20 10 12 0
21 11 12 0
22 11 14 0
23 13 14 0
24 13 16 0
25 14 14 0
26 15 15 0
27 15 16 0
28 15 16 0
29 15 17 0
30 15 15 0
31 16 17 0
32 16 16 0
33 16 18 0
34 17 17 0
35 17 17 0
36 17 17 0
37 17 17 0
38 18 18 0
39 18 18 0
40 18 18 0
41 18 19 0
42 18 18 0
43 18 18 0
44 18 22 0
45 19 22 0
46 19 19 0
47 19 26 0
48 19 19 0
49 19 27 0
50 19 20 0
51 20 23 0
52 20 20 0
53 20 22 0
54 21 22 0
55 21 22 0
56 23 25 0
57 23 25 0
58 23 23 0
59 23 26 0
60 23 29 0
61 24 26 0
62 24 27 0
63 26 26 0
64 26 26 0
65 27 27 0
66 27 27 0
67 27 28 0
68 27 27 0
69 27 27 0
70 27 27 0
71 27 27 0
72 28 30 0
73 28 31 0
74 28 28 0
75 28 28 0
76 28 28 0
77 28 29 0
78 28 29 0
79 28 28 0
80 28 29 0
81 28 29 0
82 29 29 0
83 29 29 0
84 29 30 0
85 29 29 0
86 29 31 0
87 29 29 0
88 30 30 0
89 30 31 0
90 30 30 0
91 30 31 0
92 30 30 0
93 30 32 0
94 30 30 0
95 30 30 0
96 30 31 0
97 30 30 0
98 31 41 0
99 31 31 0
100 31 31 0
101 31 31 0
102 31 31 0
103 31 32 0
104 31 31 0
105 31 32 0
106 32 32 104
107 32 32 104
108 32 42 96
109 32 32 96
110 32 41 0
111 32 40 0
112 32 41 0
113 32 43 0
114 32 41 0
115 32 42 0
116 32 32 0
117 33 41 0
118 33 46 0
119 33 42 0
120 33 61 0
121 33 53 0
122 33 50 0
123 33 37 0
124 38 50 0
125 38 141 0
126 41 41 111
127 41 41 111
128 42 62 117
129 42 42 117
130 42 62 0
131 42 43 0
132 42 44 0
133 42 43 0
134 42 43 0
135 42 42 0
136 42 64 0
137 42 42 0
138 42 42 0
139 43 61 0
140 43 45 0
141 43 43 0
142 43 43 0
143 43 46 0
144 43 62 0
145 43 62 0
146 43 50 0
147 43 46 0
148 43 49 0
149 44 46 0
150 44 44 0
151 44 61 0
152 44 45 0
153 44 45 0
154 44 66 0
155 45 46 0
156 45 62 0
157 46 62 0
158 46 62 0
159 46 63 0
160 47 62 0
161 47 63 0
162 47 51 0
163 47 67 0
164 47 50 0
165 47 49 0
166 47 49 0
167 50 61 0
168 50 62 0
169 50 66 0
170 50 50 0
171 51 64 0
172 51 61 0
173 51 80 0
174 51 62 0
175 51 54 0
176 51 67 0
177 52 67 0
178 54 62 0
179 55 77 0
180 62 62 120
181 62 62 120
182 62 65 0
183 62 64 0
184 62 86 0
185 62 62 0
186 62 67 0
187 62 65 0
188 63 66 128
189 63 63 128
190 63 63 0
191 63 63 0
192 63 64 0
193 63 89 0
194 63 65 0
195 63 87 0
196 63 64 0
197 63 63 0
198 63 66 0
199 63 87 0
200 63 84 0
201 63 88 0
202 63 77 0
203 63 68 0
204 63 67 0
205 63 90 0
206 63 63 0
207 63 74 0
208 64 65 190
209 64 64 190
210 64 66 159
211 64 64 159
212 64 66 0
213 64 64 0
214 64 64 0
215 64 83 0
216 64 70 0
217 65 68 0
218 65 88 0
219 65 89 0
220 65 67 0
221 65 88 0
222 65 86 0
223 65 66 0
224 65 65 0
225 65 89 0
226 65 88 0
227 65 89 0
228 66 70 0
229 66 88 0
230 66 68 0
231 66 68 0
232 66 66 0
233 66 66 0
234 66 67 0
235 67 89 169
236 67 77 169
237 67 67 0
238 67 77 0
239 67 89 0
240 67 68 0
241 67 67 0
242 67 89 0
243 67 98 0
244 67 67 0
245 67 70 0
246 68 82 0
247 68 87 0
248 68 68 0
249 68 78 0
250 68 90 0
251 68 89 0
252 68 68 0
253 68 68 0
254 68 69 0
255 68 92 0
256 68 84 0
257 68 69 0
258 68 109 0
259 69 89 0
260 69 90 0
261 69 82 0
262 69 89 0
263 69 88 0
264 69 84 0
265 69 69 0
266 69 69 0
267 69 90 0
268 70 73 0
269 70 70 0
270 70 87 0
271 70 70 0
272 70 71 0
273 71 81 0
274 71 87 0
275 71 100 0
276 71 71 0
277 71 99 0
278 71 80 0
279 72 74 0
280 72 91 0
281 74 93 0
282 75 90 0
283 75 75 0
284 76 78 283
285 76 88 283
286 78 88 0
287 78 87 0
288 78 89 0
289 78 78 0
290 78 78 0
291 78 92 0
292 79 88 0
293 79 79 0
294 79 90 0
295 79 90 0
296 80 87 0
297 81 89 278
298 81 90 278
299 81 81 0
300 82 89 0
301 82 88 0
302 83 89 0
303 83 87 0
304 84 85 0
305 85 88 0
306 85 88 0
307 85 91 0
308 86 91 0
309 87 87 184
310 87 115 184
311 87 88 0
312 88 103 247
313 88 93 247
314 88 89 195
315 88 90 195
316 88 88 274
317 88 88 274
318 88 90 0
319 88 115 0
320 88 118 0
321 88 89 0
322 88 119 0
323 88 91 0
324 88 89 0
325 89 89 311
326 89 92 311
327 89 89 0
328 89 91 0
329 89 89 0
330 89 118 0
331 89 90 0
332 89 91 0
333 89 89 0
334 89 91 0
335 89 89 0
336 89 89 0
337 89 90 0
338 89 92 0
339 89 95 0
340 89 96 0
341 89 90 0
342 89 95 0
343 89 89 0
344 89 89 0
345 90 90 327
346 90 90 327
347 90 90 300
348 90 90 300
349 90 120 235
350 90 123 235
351 90 92 242
352 90 124 242
353 90 90 288
354 90 90 288
355 90 90 0
356 90 90 0
357 90 90 0
358 90 90 0
359 90 90 0
360 90 120 0
361 90 90 0
362 90 91 0
363 90 90 0
364 90 90 0
365 90 90 0
366 90 90 0
367 90 90 0
368 90 90 0
369 90 92 0
370 90 90 0
371 90 90 0
372 90 90 0
373 90 90 0
374 90 90 0
375 90 90 0
376 90 90 0
377 90 92 0
378 90 90 0
379 91 95 355
380 91 93 355
381 91 99 347
382 91 106 347
383 91 126 315
384 91 115 315
385 91 119 372
386 91 93 372
387 91 126 373
388 91 133 373
389 91 126 376
390 91 91 376
391 91 117 0
392 91 93 0
393 91 96 0
394 91 120 0
395 91 114 0
396 91 119 0
397 91 100 0
398 91 93 0
399 91 123 0
400 91 113 0
401 91 115 0
402 91 92 0
403 91 106 0
404 91 99 0
405 91 117 0
406 91 91 0
407 91 101 0
408 91 91 0
409 91 91 0
410 91 91 0
411 91 91 0
412 91 121 0
413 91 120 0
414 91 101 0
415 91 127 0
416 91 112 0
417 91 163 0
418 91 132 0
419 91 100 0
420 91 126 0
421 91 95 0
422 91 105 0
423 91 107 0
424 91 111 0
425 91 101 0
426 91 110 0
427 92 95 332
428 92 108 332
429 92 136 307
430 92 120 307
431 92 149 323
432 92 95 323
433 92 92 0
434 92 121 0
435 92 107 0
436 92 103 0
437 92 93 0
438 92 104 0
439 92 92 0
440 92 120 0
441 92 149 0
442 92 96 0
443 92 104 0
444 93 93 326
445 93 120 326
446 93 93 0
447 93 104 0
448 93 118 0
449 93 119 0
450 93 101 0
451 93 93 0
452 93 93 0
453 93 123 0
454 93 121 0
455 93 93 0
456 93 93 0
457 93 93 0
458 94 97 0
459 94 121 0
460 94 100 0
461 94 97 0
462 94 102 0
463 94 101 0
464 94 123 0
465 94 108 0
466 94 101 0
467 94 95 0
468 94 119 0
469 94 121 0
470 94 116 0
471 94 98 0
472 94 96 0
473 96 96 379
474 96 96 379
475 96 145 339
476 96 118 339
477 96 96 467
478 96 120 467
479 96 129 432
480 96 128 432
481 96 108 0
482 96 121 0
483 96 170 0
484 97 119 0
485 97 121 0
486 97 117 0
487 97 121 0
488 97 131 0
489 97 117 0
490 97 171 0
491 97 116 0
492 98 115 461
493 98 104 461
494 99 110 0
495 99 123 0
496 100 119 0
497 100 111 0
498 100 100 0
499 100 118 0
500 101 102 0
501 101 117 0
502 101 111 0
503 101 121 0
504 101 141 0
505 101 101 0
506 101 125 0
507 102 107 0
508 102 103 0
509 102 119 0
510 102 124 0
511 102 126 0
512 102 120 0
513 102 182 0
514 103 126 0
515 103 111 0
516 104 109 0
517 104 104 0
518 104 104 0
519 105 109 0
520 105 119 0
521 105 108 0
522 105 108 0
523 105 111 0
524 105 107 0
525 106 106 0
526 106 106 0
527 107 107 0
528 107 125 0
529 107 110 0
530 107 120 0
531 108 108 423
532 108 152 423
533 108 117 0
534 108 109 0
535 108 120 0
536 108 126 0
537 109 120 0
538 109 122 0
539 109 126 0
540 109 171 0
541 109 131 0
542 109 113 0
543 110 119 0
544 110 117 0
545 110 121 0
546 110 110 0
547 110 156 0
548 110 121 0
549 111 153 426
550 111 121 426
551 111 120 0
552 111 154 0
553 111 189 0
554 112 117 0
555 112 120 0
556 112 120 0
557 112 121 0
558 112 112 0
559 113 146 558
560 113 113 558
561 113 151 0
562 114 120 542
563 114 189 542
564 114 119 0
565 115 118 0
566 116 151 384
567 116 119 384
568 116 119 0
569 116 116 0
570 116 154 0
571 116 125 0
572 116 118 0
573 116 116 0
574 117 125 470
575 117 189 470
576 117 163 573
577 117 120 573
578 117 120 0
579 117 118 0
580 118 118 501
581 118 119 501
582 118 149 489
583 118 163 489
584 118 120 0
585 118 119 0
586 118 144 0
587 118 154 0
588 118 157 0
589 118 118 0
590 118 121 0
591 119 142 579
592 119 142 579
593 119 120 572
594 119 189 572
595 119 155 448
596 119 121 448
597 119 126 476
598 119 126 476
599 119 158 0
600 119 123 0
601 119 142 0
602 119 144 0
603 119 120 0
604 119 120 0
605 119 145 0
606 120 120 496
607 120 120 496
608 120 120 564
609 120 122 564
610 120 123 449
611 120 136 449
612 120 120 385
613 120 152 385
614 120 120 0
615 120 121 0
616 120 124 0
617 120 156 0
618 120 154 0
619 120 164 0
620 120 122 0
621 120 120 0
622 120 189 0
623 120 141 0
624 120 120 0
625 120 125 0
626 120 120 0
627 120 120 0
628 120 156 0
629 121 122 614
630 121 147 614
631 121 128 445
632 121 161 445
633 121 121 555
634 121 123 555
635 121 123 349
636 121 121 349
637 121 166 413
638 121 127 413
639 121 121 512
640 121 166 512
641 121 167 577
642 121 166 577
643 121 122 0
644 121 133 0
645 121 148 0
646 121 189 0
647 121 160 0
648 121 123 0
649 121 153 0
650 121 152 0
651 121 125 0
652 121 143 0
653 121 121 0
654 121 121 0
655 121 123 0
656 121 121 0
657 121 122 0
658 121 124 0
659 121 158 0
660 121 125 0
661 121 163 0
662 121 121 0
663 121 121 0
664 121 142 0
665 121 189 0
666 121 152 0
667 121 140 0
668 122 158 459
669 122 123 459
670 122 126 434
671 122 122 434
672 122 122 653
673 122 126 653
674 122 126 545
675 122 122 545
676 122 136 503
677 122 124 503
678 122 140 0
679 122 122 0
680 122 161 0
681 122 128 0
682 122 189 0
683 122 122 0
684 122 122 0
685 122 123 0
686 122 162 0
687 122 128 0
688 122 158 0
689 122 159 0
690 122 126 0
691 122 122 0
692 122 122 0
693 122 124 0
694 122 122 0
695 122 143 0
696 122 124 0
697 122 129 0
698 122 189 0
699 123 123 643
700 123 149 643
701 123 148 679
702 123 133 679
703 123 123 620
704 123 158 620
705 123 123 691
706 123 151 691
707 123 148 0
708 123 155 0
709 123 125 0
710 123 135 0
711 123 124 0
712 123 158 0
713 123 151 0
714 123 123 0
715 123 123 0
716 123 164 0
717 123 123 0
718 123 133 0
719 124 124 399
720 124 154 399
721 124 124 634
722 124 145 634
723 124 166 685
724 124 127 685
725 124 126 0
726 124 156 0
727 124 156 0
728 124 125 0
729 124 139 0
730 124 124 0
731 124 125 0
732 124 145 0
733 124 189 0
734 124 124 0
735 124 124 0
736 124 124 0
737 124 125 0
738 124 164 0
739 124 158 0
740 124 155 0
741 124 126 0
742 124 131 0
743 125 163 616
744 125 125 616
745 125 125 352
746 125 189 352
747 125 125 510
748 125 189 510
749 125 125 693
750 125 158 693
751 125 142 696
752 125 125 696
753 125 189 0
754 125 159 0
755 125 171 0
756 125 172 0
757 125 125 0
758 125 130 0
759 125 125 0
760 125 125 0
761 125 152 0
762 125 158 0
763 125 125 0
764 126 165 744
765 126 169 744
766 126 171 528
767 126 165 528
768 126 156 763
769 126 189 763
770 126 157 506
771 126 150 506
772 126 164 0
773 126 189 0
774 126 127 0
775 126 126 0
776 126 169 0
777 126 130 0
778 126 159 0
779 126 163 0
780 126 146 0
781 126 160 0
782 126 189 0
783 126 154 0
784 126 161 0
785 126 171 0
786 126 164 0
787 126 160 0
788 126 158 0
789 126 131 0
790 127 149 514
791 127 140 514
792 127 161 775
793 127 161 775
794 127 127 389
795 127 152 389
796 127 152 539
797 127 157 539
798 127 151 598
799 127 128 598
800 127 147 0
801 127 189 0
802 127 164 0
803 127 152 0
804 127 189 0
805 127 173 0
806 127 170 0
807 127 152 0
808 127 171 0
809 127 174 0
810 127 162 0
811 127 159 0
812 127 132 0
813 127 133 0
814 128 160 724
815 128 157 724
816 128 149 0
817 128 171 0
818 128 128 0
819 128 161 0
820 128 175 0
821 128 174 0
822 129 129 480
823 129 129 480
824 129 161 0
825 129 158 0
826 129 173 0
827 129 164 0
828 129 161 0
829 130 165 0
830 130 151 0
831 130 169 0
832 130 180 0
833 130 189 0
834 131 166 777
835 131 170 777
836 131 161 0
837 132 189 541
838 132 171 541
839 132 159 488
840 132 171 488
841 132 172 0
842 132 157 0
843 133 157 0
844 133 184 0
845 133 189 0
846 134 189 388
847 134 174 388
848 134 151 0
849 134 156 0
850 134 171 0
851 134 146 0
852 134 172 0
853 136 136 0
854 136 155 0
855 137 148 853
856 137 174 853
857 137 186 676
858 137 156 676
859 137 189 429
860 137 189 429
861 140 144 0
862 141 149 0
863 141 141 0
864 142 142 623
865 142 189 623
866 142 143 0
867 142 189 0
868 143 183 864
869 143 180 864
870 143 158 0
871 143 146 0
872 143 189 0
873 143 151 0
874 143 150 0
875 144 144 0
876 144 157 0
877 144 147 0
878 144 150 0
879 145 157 586
880 145 149 586
881 145 169 0
882 145 147 0
883 146 149 732
884 146 148 732
885 146 189 0
886 146 189 0
887 146 161 0
888 147 165 780
889 147 160 780
890 147 149 0
891 147 157 0
892 148 189 877
893 148 150 877
894 148 164 0
895 148 153 0
896 148 152 0
897 149 158 0
898 149 158 0
899 149 189 0
900 149 154 0
901 149 165 0
902 149 149 0
903 150 150 441
904 150 150 441
905 150 158 0
906 150 161 0
907 150 163 0
908 150 157 0
909 150 152 0
910 150 150 0
911 150 172 0
912 150 189 0
913 150 155 0
914 150 189 0
915 151 189 910
916 151 155 910
917 151 152 893
918 151 160 893
919 151 155 874
920 151 153 874
921 151 189 0
922 151 189 0
923 151 189 0
924 151 151 0
925 152 152 566
926 152 189 566
927 152 189 873
928 152 152 873
929 152 156 0
930 152 189 0
931 152 166 0
932 152 154 0
933 152 164 0
934 152 189 0
935 152 189 0
936 152 166 0
937 153 189 909
938 153 161 909
939 153 161 803
940 153 189 803
941 153 189 807
942 153 174 807
943 153 189 666
944 153 189 666
945 153 189 0
946 153 189 0
947 153 157 0
948 153 160 0
949 153 189 0
950 153 174 0
951 153 171 0
952 153 189 0
953 153 189 0
954 153 189 0
955 153 189 0
956 154 177 895
957 154 189 895
958 154 189 0
959 154 189 0
960 154 154 0
961 154 189 0
962 154 163 0
963 154 189 0
964 155 156 720
965 155 155 720
966 155 166 900
967 155 161 900
968 155 189 783
969 155 189 783
970 155 155 932
971 155 155 932
972 155 155 552
973 155 189 552
974 155 156 0
975 155 156 0
976 155 189 0
977 155 189 0
978 155 189 0
979 156 189 970
980 156 157 970
981 156 189 916
982 156 156 916
983 156 157 595
984 156 156 595
985 156 189 854
986 156 189 854
987 156 168 971
988 156 156 971
989 156 189 913
990 156 189 913
991 156 189 0
992 156 157 0
993 156 158 0
994 156 176 0
995 156 189 0
996 156 189 0
997 157 189 726
998 157 157 726
999 157 189 849
1000 157 189 849
1001 157 189 617
1002 157 189 617
1003 157 157 727
1004 157 158 727
1005 157 189 975
1006 157 189 975
1007 157 189 628
1008 157 189 628
1009 157 157 0
1010 157 158 0
1011 157 189 0
1012 157 189 0
1013 157 165 0
1014 157 168 0
1015 157 189 0
1016 157 189 0
1017 158 189 992
1018 158 189 992
1019 158 166 908
1020 158 158 908
1021 158 189 588
1022 158 160 588
1023 158 158 797
1024 158 189 797
1025 158 158 891
1026 158 189 891
1027 158 189 0
1028 158 159 0
1029 158 189 0
1030 158 189 0
1031 158 189 0
1032 158 159 0
1033 158 189 0
1034 158 158 0
1035 158 189 0
1036 158 189 0
1037 158 162 0
1038 158 189 0
1039 158 158 0
1040 158 176 0
1041 159 159 898
1042 159 189 898
1043 159 167 599
1044 159 189 599
1045 159 189 1010
1046 159 189 1010
1047 159 189 704
1048 159 189 704
1049 159 189 870
1050 159 189 870
1051 159 189 688
1052 159 165 688
1053 159 173 993
1054 159 189 993
1055 159 189 750
1056 159 159 750
1057 159 159 788
1058 159 160 788
1059 159 163 0
1060 159 189 0
1061 159 160 0
1062 159 189 0
1063 159 189 0
1064 159 162 0
1065 159 167 0
1066 159 159 0
1067 159 163 0
1068 159 162 0
1069 159 161 0
1070 159 189 0
1071 159 189 0
1072 160 189 754
1073 160 189 754
1074 160 189 1032
1075 160 189 1032
1076 160 161 1066
1077 160 161 1066
1078 160 189 811
1079 160 189 811
1080 160 161 839
1081 160 189 839
1082 160 163 0
1083 160 161 0
1084 160 189 0
1085 160 185 0
1086 160 189 0
1087 160 189 0
1088 160 160 0
1089 160 166 0
1090 160 189 0
1091 161 163 647
1092 161 161 647
1093 161 189 1088
1094 161 189 1088
1095 161 189 918
1096 161 189 918
1097 161 189 787
1098 161 165 787
1099 161 189 1058
1100 161 189 1058
1101 161 174 0
1102 161 161 0
1103 161 189 0
1104 161 189 0
1105 161 189 0
1106 161 189 0
1107 161 177 0
1108 161 173 0
1109 162 189 938
1110 162 189 938
1111 162 164 792
1112 162 189 792
1113 162 162 632
1114 162 167 632
1115 162 162 824
1116 162 162 824
1117 162 162 836
1118 162 189 836
1119 162 163 819
1120 162 189 819
1121 162 163 1069
1122 162 189 1069
1123 162 189 784
1124 162 189 784
1125 162 189 0
1126 162 166 0
1127 162 189 0
1128 162 189 0
1129 162 189 0
1130 162 189 0
1131 162 189 0
1132 162 189 0
1133 162 167 0
1134 162 189 0
1135 162 162 0
1136 162 189 0
1137 162 189 0
1138 162 189 0
1139 162 167 0
1140 162 189 0
1141 162 162 0
1142 162 164 0
1143 162 189 0
1144 162 189 0
1145 162 189 0
1146 163 189 1113
1147 163 180 1113
1148 163 189 1115
1149 163 189 1115
1150 163 189 1068
1151 163 189 1068
1152 163 189 810
1153 163 189 810
1154 163 189 1037
1155 163 189 1037
1156 163 189 0
1157 163 189 0
1158 163 189 0
1159 163 163 0
1160 163 163 0
1161 163 163 0
1162 164 189 1059
1163 164 189 1059
1164 164 189 1082
1165 164 189 1082
1166 164 189 779
1167 164 168 779
1168 164 164 743
1169 164 168 743
1170 164 189 1067
1171 164 164 1067
1172 164 189 1159
1173 164 166 1159
1174 164 189 417
1175 164 189 417
1176 164 165 0
1177 164 189 0
1178 164 189 0
1179 164 165 0
1180 164 189 0
1181 164 189 0
1182 164 189 0
1183 164 189 0
1184 164 189 0
1185 164 189 0
1186 164 189 0
1187 164 189 0
1188 164 189 0
1189 165 189 894
1190 165 189 894
1191 165 189 772
1192 165 189 772
1193 165 189 802
1194 165 169 802
1195 165 189 827
1196 165 168 827
1197 165 189 738
1198 165 189 738
1199 165 189 786
1200 165 165 786
1201 165 165 0
1202 165 172 0
1203 165 168 0
1204 165 189 0
1205 165 189 0
1206 165 189 0
1207 165 189 0
1208 165 189 0
1209 165 189 0
1210 165 188 0
1211 166 189 1176
1212 166 189 1176
1213 166 189 767
1214 166 189 767
1215 166 189 901
1216 166 189 901
1217 166 189 888
1218 166 189 888
1219 166 189 1013
1220 166 189 1013
1221 166 189 0
1222 166 189 0
1223 166 189 0
1224 166 189 0
1225 166 189 0
1226 166 189 0
1227 166 166 0
1228 166 167 0
1229 166 189 0
1230 166 167 0
1231 167 189 1019
1232 167 189 1019
1233 167 189 834
1234 167 189 834
1235 167 189 723
1236 167 181 723
1237 167 189 637
1238 167 189 637
1239 167 189 931
1240 167 189 931
1241 167 189 640
1242 167 189 640
1243 167 189 642
1244 167 189 642
1245 167 189 0
1246 167 189 0
1247 167 189 0
1248 167 189 0
1249 167 168 0
1250 167 189 0
1251 167 189 0
1252 168 189 1133
1253 168 189 1133
1254 168 189 1114
1255 168 189 1114
1256 168 189 1065
1257 168 189 1065
1258 168 189 0
1259 168 168 0
1260 168 168 0
1261 168 189 0
1262 168 189 0
1263 168 189 0
1264 168 172 0
1265 169 170 1203
1266 169 189 1203
1267 169 170 1167
1268 169 189 1167
1269 169 189 987
1270 169 189 987
1271 169 189 0
1272 169 189 0
1273 169 189 0
1274 169 189 0
1275 169 189 0
1276 169 189 0
1277 170 189 776
1278 170 189 776
1279 170 189 831
1280 170 189 831
1281 170 189 0
1282 170 189 0
1283 170 189 0
1284 170 172 0
1285 170 189 0
1286 171 189 835
1287 171 189 835
1288 171 189 483
1289 171 171 483
1290 171 189 0
1291 171 189 0
1292 171 189 0
1293 171 189 0
1294 172 189 766
1295 172 189 766
1296 172 189 817
1297 172 189 817
1298 172 189 540
1299 172 189 540
1300 172 189 838
1301 172 189 838
1302 172 189 850
1303 172 189 850
1304 172 189 490
1305 172 172 490
1306 172 189 0
1307 172 189 0
1308 172 189 0
1309 172 172 0
1310 172 189 0
1311 172 189 0
1312 172 189 0
1313 173 189 911
1314 173 189 911
1315 173 189 756
1316 173 189 756
1317 173 173 1309
1318 173 189 1309
1319 173 189 1305
1320 173 189 1305
1321 173 189 852
1322 173 189 852
1323 173 174 0
1324 173 189 0
1325 173 189 0
1326 173 189 0
1327 173 189 0
1328 173 174 0
1329 174 189 0
1330 174 189 0
1331 174 189 0
1332 174 189 0
1333 174 189 0
1334 174 189 0
1335 174 189 0
1336 175 185 1101
1337 175 175 1101
1338 175 189 950
1339 175 189 950
1340 175 189 809
1341 175 189 809
1342 175 189 821
1343 175 175 821
1344 175 189 1328
1345 175 189 1328
1346 175 189 0
1347 175 189 0
1348 175 189 0
1349 175 175 0
1350 175 189 0
1351 175 189 0
1352 176 185 0
1353 176 189 0
1354 176 189 0
1355 176 189 0
1356 176 189 0
1357 176 189 0
1358 177 189 1040
1359 177 189 1040
1360 177 189 0
1361 177 189 0
1362 178 189 0
1363 178 185 0
1364 181 189 0
1365 181 189 0
1366 181 189 0
1367 181 189 0
1368 181 189 0
1369 182 189 0
1370 183 189 0
1371 183 189 0
1372 184 189 868
1373 184 189 868
1374 185 189 844
1375 185 189 844
1376 185 185 0
1377 186 189 0
1378 186 186 0
1379 186 189 0
1380 186 189 0
1381 186 189 0
1382 186 189 0
1383 187 189 857
1384 187 189 857
1385 187 189 0
1386 189 189 0
1387 189 189 0
