1 0 4 0
2 0 4 0
3 0 4 0
4 0 4 0
5 4 4 0
6 4 4 0
7 5 7 0
8 5 6 0
9 5 6 0
10 5 7 0
11 5 5 0
12 5 5 0
13 6 6 0
14 6 7 0
15 7 16 0
16 7 10 0
17 7 18 0
18 7 7 0
19 8 18 0
20 8 34 0
21 8 24 0
22 8 10 0
23 11 15 0
24 11 18 0
25 11 34 0
26 16 17 0
27 17 18 0
28 18 34 0
29 18 18 0
30 18 18 0
31 19 23 0
32 19 34 0
33 19 34 0
34 19 23 0
35 19 29 0
36 19 23 0
37 19 23 0
38 19 19 0
39 20 28 0
40 24 34 0
41 24 34 0
42 24 59 0
43 24 34 0
44 24 34 0
45 25 58 0
46 25 55 0
47 29 29 0
48 29 51 0
49 30 69 0
50 30 35 0
51 35 122 28
52 35 59 28
53 35 65 25
54 35 35 25
55 35 85 0
56 35 59 0
57 35 57 0
58 35 58 0
59 35 59 0
60 35 58 0
61 35 57 0
62 35 58 0
63 35 89 0
64 35 58 0
65 35 58 0
66 35 35 0
67 35 44 0
68 35 44 0
69 36 58 0
70 36 51 0
71 36 86 0
72 45 96 0
73 45 69 0
74 45 68 0
75 45 70 0
76 52 63 70
77 52 79 70
78 52 79 0
79 52 81 0
80 56 84 0
81 58 59 0
82 58 84 0
83 58 84 0
84 58 83 0
85 59 85 65
86 59 99 65
87 59 59 0
88 59 85 0
89 59 123 0
90 59 60 0
91 59 97 0
92 59 85 0
93 59 59 0
94 59 59 0
95 59 87 0
96 59 120 0
97 59 85 0
98 59 60 0
99 60 85 59
100 60 85 59
101 60 86 42
102 60 105 42
103 60 87 0
104 60 86 0
105 60 87 0
106 60 86 0
107 60 86 0
108 60 132 0
109 60 86 0
110 60 85 0
111 60 60 0
112 60 120 0
113 61 87 0
114 61 88 0
115 61 88 0
116 61 105 0
117 61 166 0
118 64 107 0
119 64 104 0
120 66 108 53
121 66 105 53
122 68 86 0
123 69 169 0
124 69 97 0
125 70 77 73
126 70 87 73
127 70 74 0
128 71 100 0
129 71 100 0
130 75 144 0
131 78 87 0
132 80 110 0
133 80 194 0
134 80 102 0
135 80 85 0
136 82 121 79
137 82 180 79
138 84 86 0
139 84 113 0
140 85 118 0
141 85 116 0
142 85 118 0
143 85 86 0
144 85 117 0
145 85 165 0
146 85 185 0
147 85 126 0
148 86 167 55
149 86 116 55
150 86 158 110
151 86 168 110
152 86 86 85
153 86 88 85
154 86 86 0
155 86 194 0
156 86 119 0
157 86 165 0
158 86 121 0
159 86 169 0
160 86 123 0
161 86 124 0
162 86 118 0
163 86 194 0
164 87 126 104
165 87 119 104
166 87 118 154
167 87 122 154
168 87 120 101
169 87 119 101
170 87 88 0
171 87 123 0
172 87 164 0
173 87 117 0
174 87 88 0
175 87 118 0
176 87 160 0
177 87 121 0
178 87 120 0
179 87 125 0
180 87 87 0
181 87 166 0
182 87 120 0
183 87 96 0
184 87 88 0
185 88 120 105
186 88 119 105
187 88 102 113
188 88 128 113
189 88 120 126
190 88 194 126
191 88 119 0
192 88 194 0
193 88 122 0
194 88 119 0
195 88 120 0
196 88 120 0
197 89 89 115
198 89 124 115
199 89 125 184
200 89 89 184
201 89 119 0
202 89 194 0
203 89 121 0
204 89 124 0
205 89 117 0
206 89 122 0
207 89 126 0
208 90 125 63
209 90 129 63
210 90 121 0
211 90 194 0
212 97 134 72
213 97 128 72
214 97 126 0
215 97 130 0
216 98 120 0
217 98 113 0
218 98 128 0
219 98 138 0
220 99 129 0
221 100 119 0
222 101 137 128
223 101 102 128
224 101 145 0
225 101 102 0
226 102 163 0
227 103 129 0
228 103 137 0
229 103 142 0
230 103 145 0
231 103 112 0
232 105 126 0
233 105 181 0
234 106 124 0
235 106 128 0
236 106 194 0
237 106 194 0
238 106 194 0
239 108 175 0
240 108 194 0
241 109 194 0
242 109 129 0
243 111 151 132
244 111 154 132
245 112 112 0
246 113 194 231
247 113 176 231
248 113 160 0
249 114 114 139
250 114 136 139
251 115 162 0
252 115 155 0
253 117 153 0
254 117 194 0
255 117 194 0
256 117 160 0
257 118 158 173
258 118 121 173
259 118 161 144
260 118 166 144
261 118 176 0
262 118 194 0
263 119 161 175
264 119 119 175
265 119 166 142
266 119 166 142
267 119 119 0
268 119 160 0
269 119 158 0
270 119 119 0
271 119 193 0
272 119 119 0
273 120 194 186
274 120 162 186
275 120 169 264
276 120 155 264
277 120 162 267
278 120 120 267
279 120 194 221
280 120 162 221
281 120 173 169
282 120 165 169
283 120 194 0
284 120 120 0
285 120 181 0
286 120 165 0
287 120 120 0
288 120 123 0
289 120 162 0
290 120 194 0
291 120 120 0
292 120 163 0
293 120 168 0
294 120 164 0
295 120 163 0
296 121 122 112
297 121 121 112
298 121 194 196
299 121 167 196
300 121 165 96
301 121 171 96
302 121 121 168
303 121 166 168
304 121 194 0
305 121 122 0
306 121 164 0
307 121 163 0
308 121 121 0
309 121 194 0
310 121 161 0
311 121 167 0
312 121 194 0
313 121 194 0
314 121 186 0
315 121 176 0
316 121 194 0
317 121 168 0
318 121 194 0
319 121 194 0
320 121 165 0
321 121 165 0
322 122 171 158
323 122 194 158
324 122 171 136
325 122 170 136
326 122 167 0
327 122 157 0
328 122 163 0
329 122 162 0
330 122 164 0
331 122 172 0
332 122 165 0
333 122 166 0
334 122 167 0
335 122 122 0
336 122 165 0
337 123 194 305
338 123 169 305
339 123 164 193
340 123 123 193
341 123 166 0
342 123 165 0
343 123 170 0
344 123 194 0
345 123 123 0
346 123 167 0
347 123 167 0
348 123 169 0
349 123 166 0
350 124 168 171
351 124 194 171
352 124 194 288
353 124 170 288
354 124 173 160
355 124 173 160
356 124 170 0
357 124 171 0
358 124 194 0
359 124 125 0
360 124 194 0
361 124 167 0
362 125 168 198
363 125 168 198
364 125 161 234
365 125 165 234
366 125 194 0
367 125 126 0
368 125 165 0
369 125 176 0
370 126 174 179
371 126 194 179
372 126 170 0
373 126 155 0
374 126 171 0
375 126 126 0
376 127 194 164
377 127 194 164
378 127 194 367
379 127 170 367
380 127 174 207
381 127 194 207
382 127 163 214
383 127 169 214
384 127 173 147
385 127 168 147
386 127 175 0
387 127 169 0
388 129 165 0
389 129 179 0
390 129 174 0
391 129 185 0
392 129 194 0
393 129 170 0
394 129 194 0
395 129 174 0
396 129 170 0
397 129 171 0
398 130 175 209
399 130 171 209
400 130 194 220
401 130 167 220
402 130 182 0
403 130 147 0
404 131 166 215
405 131 191 215
406 131 179 0
407 132 132 0
408 133 178 0
409 133 180 0
410 133 194 0
411 135 194 0
412 135 169 0
413 136 194 0
414 137 189 0
415 137 163 0
416 138 194 222
417 138 181 222
418 138 182 0
419 138 194 0
420 139 194 219
421 139 194 219
422 143 194 0
423 143 167 0
424 145 194 130
425 145 194 130
426 146 194 224
427 146 194 224
428 146 169 0
429 146 194 0
430 147 182 0
431 148 194 403
432 148 194 403
433 152 194 0
434 152 194 0
435 154 194 253
436 154 172 253
437 154 163 0
438 155 194 244
439 155 176 244
440 155 194 0
441 156 194 276
442 156 194 276
443 156 194 252
444 156 171 252
445 156 194 0
446 156 194 0
447 158 194 327
448 158 194 327
449 159 184 150
450 159 194 150
451 159 194 0
452 159 194 0
453 159 194 0
454 159 194 0
455 159 194 0
456 160 194 0
457 161 194 256
458 161 194 256
459 161 194 0
460 161 194 0
461 161 194 0
462 161 194 0
463 161 163 0
464 161 194 0
465 161 194 0
466 162 194 263
467 162 194 263
468 162 166 310
469 162 194 310
470 162 194 0
471 162 194 0
472 162 194 0
473 162 169 0
474 163 194 251
475 163 194 251
476 163 194 280
477 163 194 280
478 163 194 0
479 163 179 0
480 163 194 0
481 163 194 0
482 163 194 0
483 163 194 0
484 163 194 0
485 163 194 0
486 163 163 0
487 163 163 0
488 163 163 0
489 163 194 0
490 163 194 0
491 163 194 0
492 164 191 307
493 164 194 307
494 164 194 292
495 164 194 292
496 164 194 382
497 164 194 382
498 164 194 0
499 164 194 0
500 164 194 0
501 164 194 0
502 164 176 0
503 164 194 0
504 164 164 0
505 164 165 0
506 164 191 0
507 164 171 0
508 164 194 0
509 165 194 172
510 165 194 172
511 165 194 330
512 165 194 330
513 165 168 0
514 165 194 0
515 165 194 0
516 165 194 0
517 165 194 0
518 165 194 0
519 165 194 0
520 165 194 0
521 165 194 0
522 165 194 0
523 166 166 286
524 166 194 286
525 166 194 332
526 166 194 332
527 166 194 300
528 166 194 300
529 166 194 368
530 166 194 368
531 166 194 365
532 166 194 365
533 166 194 0
534 166 194 0
535 166 168 0
536 166 177 0
537 166 169 0
538 166 194 0
539 166 186 0
540 166 194 0
541 166 194 0
542 166 194 0
543 166 194 0
544 166 194 0
545 166 169 0
546 166 194 0
547 166 194 0
548 166 194 0
549 166 194 0
550 166 194 0
551 166 194 0
552 166 194 0
553 167 168 341
554 167 168 341
555 167 194 266
556 167 194 266
557 167 194 260
558 167 194 260
559 167 194 349
560 167 169 349
561 167 194 0
562 167 194 0
563 167 194 0
564 167 194 0
565 167 194 0
566 167 194 0
567 167 194 0
568 167 176 0
569 167 194 0
570 167 194 0
571 167 194 0
572 167 194 0
573 167 194 0
574 167 194 0
575 167 194 0
576 167 194 0
577 168 194 148
578 168 194 148
579 168 194 326
580 168 194 326
581 168 168 334
582 168 194 334
583 168 194 361
584 168 194 361
585 168 194 299
586 168 194 299
587 168 194 0
588 168 194 0
589 168 194 0
590 168 194 0
591 168 173 0
592 168 194 0
593 168 194 0
594 168 194 0
595 168 194 0
596 168 194 0
597 169 194 317
598 169 194 317
599 169 173 0
600 169 194 0
601 169 194 0
602 169 194 0
603 169 194 0
604 169 194 0
605 169 194 0
606 169 194 0
607 169 194 0
608 169 194 0
609 169 169 0
610 169 194 0
611 169 170 0
612 169 170 0
613 169 194 0
614 169 169 0
615 169 170 0
616 169 194 0
617 169 178 0
618 170 194 609
619 170 194 609
620 170 194 545
621 170 194 545
622 170 194 383
623 170 194 383
624 170 194 387
625 170 193 387
626 170 194 0
627 170 194 0
628 170 194 0
629 170 194 0
630 170 194 0
631 170 194 0
632 170 194 0
633 170 178 0
634 170 194 0
635 170 170 0
636 170 176 0
637 170 194 0
638 170 194 0
639 170 194 0
640 170 194 0
641 170 194 0
642 170 171 0
643 170 194 0
644 170 194 0
645 171 194 356
646 171 194 356
647 171 194 353
648 171 194 353
649 171 194 343
650 171 182 343
651 171 176 379
652 171 194 379
653 171 194 0
654 171 194 0
655 171 171 0
656 171 194 0
657 171 194 0
658 171 194 0
659 171 194 0
660 171 194 0
661 171 174 0
662 171 194 0
663 171 194 0
664 172 172 374
665 172 194 374
666 172 194 301
667 172 194 301
668 172 194 324
669 172 194 324
670 172 194 0
671 172 194 0
672 172 194 0
673 172 194 0
674 172 194 0
675 172 194 0
676 172 194 0
677 172 178 0
678 172 194 0
679 172 194 0
680 172 194 0
681 172 193 0
682 172 172 0
683 172 172 0
684 172 194 0
685 173 194 331
686 173 194 331
687 173 194 0
688 173 194 0
689 173 194 0
690 173 194 0
691 174 194 355
692 174 194 355
693 174 194 384
694 174 194 384
695 174 194 0
696 174 194 0
697 174 194 0
698 174 194 0
699 174 194 0
700 174 194 0
701 174 194 0
702 174 194 0
703 174 194 0
704 175 194 390
705 175 194 390
706 175 194 370
707 175 194 370
708 175 194 380
709 175 194 380
710 175 194 661
711 175 194 661
712 175 194 0
713 175 194 0
714 176 194 386
715 176 194 386
716 176 194 398
717 176 194 398
718 176 194 239
719 176 194 239
720 176 176 0
721 176 194 0
722 177 194 502
723 177 194 502
724 177 194 651
725 177 194 651
726 177 194 369
727 177 194 369
728 177 194 0
729 177 194 0
730 177 194 0
731 177 194 0
732 177 194 0
733 177 194 0
734 177 194 0
735 177 181 0
736 177 194 0
737 177 194 0
738 178 194 0
739 178 194 0
740 178 194 0
741 179 194 408
742 179 194 408
743 179 194 617
744 179 194 617
745 179 194 0
746 179 194 0
747 179 194 0
748 179 194 0
749 180 194 389
750 180 194 389
751 180 194 0
752 180 194 0
753 180 194 0
754 181 194 137
755 181 194 137
756 181 194 0
757 181 194 0
758 182 194 417
759 182 194 417
760 182 194 0
761 182 194 0
762 182 194 0
763 182 194 0
764 183 194 402
765 183 194 402
766 183 194 418
767 183 194 418
768 183 194 0
769 183 194 0
770 183 194 0
771 183 194 0
772 185 194 0
773 185 194 0
774 186 194 391
775 186 194 391
776 186 194 146
777 186 194 146
778 187 194 0
779 187 194 0
780 190 194 0
781 190 194 0
782 192 194 0
783 192 194 0
784 192 194 0
785 192 194 0
786 192 194 0
787 194 194 0
788 194 194 0
789 194 194 0
