1 0 0 0
2 0 6 0
3 0 0 0
4 0 4 0
5 1 4 0
6 1 4 0
7 4 4 0
8 4 4 0
9 5 7 0
10 5 6 0
11 5 7 0
12 5 5 0
13 5 7 0
14 6 6 0
15 7 18 14
16 7 7 14
17 7 16 0
18 7 8 0
19 8 15 0
20 8 34 0
21 8 24 0
22 8 10 0
23 9 9 0
24 10 10 0
25 11 15 0
26 11 18 0
27 11 34 0
28 16 18 0
29 16 17 0
30 17 18 0
31 18 34 0
32 18 18 0
33 18 18 0
34 19 23 0
35 19 34 0
36 19 34 0
37 19 19 0
38 19 29 0
39 19 59 0
40 19 23 0
41 19 19 0
42 20 22 0
43 20 28 0
44 23 23 0
45 24 34 0
46 24 34 0
47 24 34 0
48 24 34 0
49 25 35 0
50 25 63 0
51 29 29 0
52 29 51 0
53 30 69 0
54 30 35 0
55 35 122 31
56 35 58 31
57 35 65 27
58 35 35 27
59 35 85 0
60 35 59 0
61 35 57 0
62 35 58 0
63 35 59 0
64 35 58 0
65 35 57 0
66 35 58 0
67 35 35 0
68 35 58 0
69 35 58 0
70 35 35 0
71 35 44 0
72 35 44 0
73 36 89 0
74 36 58 0
75 36 58 0
76 36 51 0
77 36 86 0
78 45 96 0
79 45 69 0
80 45 68 0
81 45 70 0
82 52 55 76
83 52 79 76
84 52 79 0
85 52 81 0
86 56 126 0
87 58 59 0
88 58 84 0
89 58 84 0
90 58 83 0
91 59 85 69
92 59 119 69
93 59 59 0
94 59 59 0
95 59 59 0
96 59 59 0
97 59 60 0
98 59 62 0
99 59 85 0
100 59 59 0
101 59 59 0
102 59 87 0
103 59 120 0
104 59 85 0
105 59 60 0
106 60 85 63
107 60 85 63
108 60 86 39
109 60 105 39
110 60 85 0
111 60 86 0
112 60 87 0
113 60 86 0
114 60 86 0
115 60 77 0
116 60 86 0
117 60 85 0
118 60 86 0
119 60 85 0
120 60 60 0
121 60 86 0
122 61 101 105
123 61 105 105
124 61 87 0
125 61 88 0
126 61 88 0
127 63 86 0
128 64 107 0
129 64 104 0
130 66 108 57
131 66 105 57
132 68 96 0
133 69 70 0
134 69 97 0
135 70 86 0
136 70 98 0
137 70 74 0
138 71 135 0
139 71 100 0
140 71 100 0
141 75 100 0
142 78 87 0
143 80 86 0
144 80 173 0
145 80 102 0
146 80 85 0
147 82 129 85
148 82 121 85
149 84 86 0
150 84 113 0
151 85 118 0
152 85 106 0
153 85 86 0
154 85 86 0
155 85 117 0
156 85 118 0
157 85 125 0
158 86 86 59
159 86 116 59
160 86 113 119
161 86 168 119
162 86 120 91
163 86 88 91
164 86 87 0
165 86 86 0
166 86 130 0
167 86 119 0
168 86 121 0
169 86 121 0
170 86 123 0
171 86 87 0
172 86 124 0
173 86 118 0
174 86 121 0
175 87 126 111
176 87 119 111
177 87 117 113
178 87 88 113
179 87 122 165
180 87 118 165
181 87 160 118
182 87 114 118
183 87 87 121
184 87 120 121
185 87 120 108
186 87 119 108
187 87 88 0
188 87 122 0
189 87 121 0
190 87 164 0
191 87 118 0
192 87 118 0
193 87 87 0
194 87 119 0
195 87 97 0
196 87 87 0
197 87 87 0
198 87 112 0
199 87 110 0
200 87 88 0
201 88 110 164
202 88 119 164
203 88 120 112
204 88 119 112
205 88 102 124
206 88 128 124
207 88 120 197
208 88 96 197
209 88 122 0
210 88 119 0
211 88 121 0
212 88 97 0
213 88 123 0
214 88 88 0
215 88 119 0
216 89 89 126
217 89 124 126
218 89 125 200
219 89 89 200
220 89 119 0
221 89 128 0
222 89 121 0
223 89 124 0
224 89 117 0
225 89 102 0
226 89 122 0
227 89 126 0
228 90 125 73
229 90 129 73
230 90 121 0
231 90 194 0
232 97 128 78
233 97 134 78
234 97 121 0
235 97 126 0
236 97 130 0
237 98 128 212
238 98 120 212
239 98 125 0
240 98 113 0
241 98 138 0
242 99 132 0
243 99 129 0
244 101 145 141
245 101 144 141
246 101 102 139
247 101 137 139
248 101 102 0
249 102 102 0
250 102 170 0
251 103 142 246
252 103 137 246
253 103 129 0
254 103 120 0
255 103 145 0
256 103 166 0
257 103 112 0
258 105 126 0
259 105 181 0
260 106 124 0
261 106 128 0
262 106 169 0
263 106 194 0
264 106 146 0
265 107 116 0
266 108 132 0
267 108 194 0
268 109 194 0
269 109 129 0
270 111 151 199
271 111 154 199
272 111 119 0
273 112 112 0
274 113 176 257
275 113 194 257
276 113 166 0
277 113 160 0
278 114 114 150
279 114 136 150
280 114 158 0
281 115 118 0
282 115 120 0
283 115 155 0
284 117 119 0
285 117 165 0
286 117 154 0
287 117 160 0
288 118 158 177
289 118 120 177
290 118 161 155
291 118 166 155
292 118 176 0
293 118 194 0
294 119 119 191
295 119 159 191
296 119 166 192
297 119 166 192
298 119 119 0
299 119 160 0
300 119 158 0
301 119 123 0
302 119 119 0
303 119 168 0
304 119 120 0
305 119 119 0
306 120 120 220
307 120 155 220
308 120 166 202
309 120 120 202
310 120 194 204
311 120 162 204
312 120 162 298
313 120 120 298
314 120 135 167
315 120 194 167
316 120 120 215
317 120 167 215
318 120 169 186
319 120 165 186
320 120 120 0
321 120 163 0
322 120 153 0
323 120 165 0
324 120 120 0
325 120 122 0
326 120 162 0
327 120 120 0
328 120 121 0
329 120 168 0
330 120 162 0
331 120 164 0
332 120 163 0
333 121 155 282
334 121 121 282
335 121 165 207
336 121 164 207
337 121 122 184
338 121 121 184
339 121 121 254
340 121 157 254
341 121 163 316
342 121 167 316
343 121 165 103
344 121 171 103
345 121 121 185
346 121 166 185
347 121 122 0
348 121 162 0
349 121 122 0
350 121 164 0
351 121 163 0
352 121 121 0
353 121 121 0
354 121 161 0
355 121 127 0
356 121 121 0
357 121 194 0
358 121 165 0
359 121 151 0
360 121 193 0
361 121 165 0
362 121 165 0
363 122 167 189
364 122 167 189
365 122 162 353
366 122 164 353
367 122 171 168
368 122 165 168
369 122 165 211
370 122 171 211
371 122 158 356
372 122 164 356
373 122 170 174
374 122 171 174
375 122 157 0
376 122 161 0
377 122 167 0
378 122 163 0
379 122 162 0
380 122 158 0
381 122 167 0
382 122 122 0
383 122 124 0
384 122 165 0
385 122 194 0
386 123 124 55
387 123 166 55
388 123 169 349
389 123 169 349
390 123 164 209
391 123 123 209
392 123 166 179
393 123 170 179
394 123 167 337
395 123 167 337
396 123 169 0
397 123 123 0
398 123 123 0
399 123 123 0
400 123 168 0
401 123 149 0
402 124 168 397
403 124 168 397
404 124 172 398
405 124 162 398
406 124 171 301
407 124 165 301
408 124 173 213
409 124 173 213
410 124 170 0
411 124 125 0
412 124 169 0
413 124 194 0
414 124 167 0
415 125 194 223
416 125 126 223
417 125 168 217
418 125 168 217
419 125 176 172
420 125 165 172
421 125 161 260
422 125 165 260
423 125 165 0
424 125 194 0
425 126 126 239
426 126 171 239
427 126 170 411
428 126 155 411
429 126 171 0
430 126 131 0
431 126 126 0
432 127 167 175
433 127 169 175
434 127 176 416
435 127 170 416
436 127 163 227
437 127 169 227
438 127 127 235
439 127 163 235
440 127 178 86
441 127 173 86
442 127 175 0
443 127 174 0
444 127 194 0
445 128 167 0
446 128 169 0
447 129 133 221
448 129 164 221
449 129 170 261
450 129 179 261
451 129 174 0
452 129 185 0
453 129 163 0
454 129 170 0
455 129 168 0
456 129 174 0
457 129 171 0
458 130 175 229
459 130 171 229
460 130 167 243
461 130 169 243
462 130 182 0
463 130 180 0
464 130 147 0
465 131 179 166
466 131 178 166
467 131 166 236
468 131 191 236
469 132 132 430
470 132 185 430
471 133 178 242
472 133 189 242
473 133 175 0
474 133 181 0
475 134 165 0
476 135 173 233
477 135 194 233
478 136 175 314
479 136 169 314
480 136 181 0
481 137 180 0
482 137 163 0
483 138 194 247
484 138 181 247
485 138 182 0
486 138 194 0
487 139 194 241
488 139 194 241
489 143 169 251
490 143 194 251
491 145 194 245
492 145 194 245
493 146 194 244
494 146 194 244
495 146 194 255
496 146 194 255
497 147 171 264
498 147 194 264
499 148 194 464
500 148 194 464
501 150 166 0
502 152 168 0
503 152 194 0
504 152 194 0
505 154 168 322
506 154 169 322
507 154 163 0
508 155 194 271
509 155 176 271
510 155 159 0
511 155 194 0
512 156 160 307
513 156 161 307
514 156 194 283
515 156 171 283
516 156 158 0
517 156 194 0
518 156 194 0
519 158 194 375
520 158 167 375
521 158 160 0
522 159 194 288
523 159 166 288
524 159 194 516
525 159 194 516
526 159 184 280
527 159 194 280
528 159 194 0
529 159 194 0
530 159 166 0
531 159 163 0
532 160 194 510
533 160 194 510
534 160 161 0
535 161 194 287
536 161 194 287
537 161 167 299
538 161 194 299
539 161 168 181
540 161 166 181
541 161 163 521
542 161 194 521
543 161 194 277
544 161 194 277
545 161 161 0
546 162 163 534
547 162 194 534
548 162 166 354
549 162 194 354
550 162 162 0
551 162 163 0
552 162 194 0
553 162 194 0
554 162 194 0
555 162 169 0
556 162 169 0
557 163 165 348
558 163 194 348
559 163 194 311
560 163 179 311
561 163 194 365
562 163 182 365
563 163 194 312
564 163 194 312
565 163 194 379
566 163 194 379
567 163 164 330
568 163 169 330
569 163 194 0
570 163 194 0
571 163 170 0
572 163 194 0
573 163 163 0
574 163 163 0
575 163 163 0
576 163 194 0
577 163 194 0
578 164 167 321
579 164 164 321
580 164 194 351
581 164 194 351
582 164 194 573
583 164 168 573
584 164 194 378
585 164 194 378
586 164 194 541
587 164 193 541
588 164 194 439
589 164 194 439
590 164 194 0
591 164 194 0
592 164 194 0
593 164 176 0
594 164 165 0
595 164 165 0
596 164 174 0
597 164 194 0
598 164 191 0
599 164 194 0
600 165 165 190
601 165 165 190
602 165 194 448
603 165 165 448
604 165 194 366
605 165 165 366
606 165 194 372
607 165 194 372
608 165 171 336
609 165 194 336
610 165 194 567
611 165 194 567
612 165 194 331
613 165 194 331
614 165 194 0
615 165 168 0
616 165 194 0
617 165 194 0
618 166 194 557
619 166 168 557
620 166 166 601
621 166 194 601
622 166 166 368
623 166 194 368
624 166 194 369
625 166 194 369
626 166 194 335
627 166 176 335
628 166 194 594
629 166 194 594
630 166 194 343
631 166 194 343
632 166 194 420
633 166 194 420
634 166 194 361
635 166 169 361
636 166 194 595
637 166 194 595
638 166 194 422
639 166 194 422
640 166 170 0
641 166 168 0
642 166 194 0
643 166 194 0
644 166 194 0
645 166 168 0
646 166 169 0
647 166 194 0
648 166 168 0
649 166 194 0
650 166 186 0
651 166 194 0
652 166 176 0
653 166 194 0
654 166 194 0
655 166 194 0
656 166 194 0
657 167 168 387
658 167 167 387
659 167 194 308
660 167 168 308
661 167 194 392
662 167 194 392
663 167 194 297
664 167 194 297
665 167 176 530
666 167 194 530
667 167 194 291
668 167 194 291
669 167 194 501
670 167 169 501
671 167 194 276
672 167 194 276
673 167 194 346
674 167 194 346
675 167 194 0
676 167 194 0
677 167 194 0
678 167 169 0
679 167 194 0
680 167 194 0
681 167 194 0
682 167 194 0
683 167 194 0
684 167 194 0
685 167 172 0
686 168 194 578
687 168 194 578
688 168 168 364
689 168 194 364
690 168 194 363
691 168 194 363
692 168 168 381
693 168 194 381
694 168 194 394
695 168 173 394
696 168 194 395
697 168 194 395
698 168 194 317
699 168 194 317
700 168 194 460
701 168 194 460
702 168 168 0
703 168 194 0
704 168 170 0
705 168 194 0
706 168 194 0
707 168 194 0
708 168 194 0
709 168 194 0
710 168 171 0
711 168 169 0
712 169 169 657
713 169 169 657
714 169 169 403
715 169 171 403
716 169 194 615
717 169 194 615
718 169 194 641
719 169 194 641
720 169 194 648
721 169 194 648
722 169 194 502
723 169 194 502
724 169 169 329
725 169 169 329
726 169 170 400
727 169 169 400
728 169 194 455
729 169 194 455
730 169 170 0
731 169 169 0
732 169 194 0
733 169 194 0
734 169 169 0
735 169 194 0
736 169 194 0
737 169 194 0
738 169 170 0
739 169 170 0
740 169 194 0
741 169 169 0
742 169 169 0
743 169 194 0
744 170 194 388
745 170 172 388
746 170 194 678
747 170 194 678
748 170 170 412
749 170 194 412
750 170 194 555
751 170 194 555
752 170 194 568
753 170 194 568
754 170 194 635
755 170 194 635
756 170 194 446
757 170 194 446
758 170 194 262
759 170 193 262
760 170 173 0
761 170 194 0
762 170 194 0
763 170 194 0
764 170 194 0
765 170 194 0
766 170 194 0
767 170 177 0
768 170 179 0
769 170 172 0
770 170 171 0
771 170 194 0
772 170 194 0
773 170 194 0
774 170 194 0
775 170 178 0
776 170 194 0
777 170 194 0
778 170 170 0
779 170 194 0
780 170 194 0
781 170 194 0
782 170 173 0
783 170 194 0
784 170 171 0
785 170 170 0
786 170 171 0
787 171 194 730
788 171 194 730
789 171 194 410
790 171 194 410
791 171 194 393
792 171 182 393
793 171 176 435
794 171 194 435
795 171 194 427
796 171 194 427
797 171 171 738
798 171 194 738
799 171 172 739
800 171 194 739
801 171 194 0
802 171 194 0
803 171 176 0
804 171 194 0
805 171 194 0
806 171 194 0
807 171 174 0
808 171 194 0
809 171 194 0
810 171 171 0
811 171 194 0
812 172 172 715
813 172 194 715
814 172 194 406
815 172 194 406
816 172 194 367
817 172 194 367
818 172 178 608
819 172 194 608
820 172 172 429
821 172 194 429
822 172 194 797
823 172 194 797
824 172 194 344
825 172 194 344
826 172 172 810
827 172 172 810
828 172 194 374
829 172 194 374
830 172 173 0
831 172 172 0
832 172 194 0
833 172 194 0
834 172 194 0
835 172 194 0
836 172 194 0
837 172 194 0
838 172 193 0
839 172 182 0
840 172 194 0
841 173 194 831
842 173 194 831
843 173 194 0
844 173 194 0
845 173 194 0
846 173 173 0
847 173 194 0
848 173 194 0
849 173 194 0
850 173 194 0
851 173 194 0
852 174 194 846
853 174 194 846
854 174 194 409
855 174 194 409
856 174 194 695
857 174 194 695
858 174 194 782
859 174 194 782
860 174 194 441
861 174 194 441
862 174 194 0
863 174 177 0
864 174 194 0
865 174 194 0
866 174 194 0
867 174 194 0
868 174 194 0
869 175 194 451
870 175 194 451
871 175 194 443
872 175 194 443
873 175 194 596
874 175 194 596
875 175 193 807
876 175 194 807
877 175 194 456
878 175 194 456
879 176 194 442
880 176 194 442
881 176 193 458
882 176 194 458
883 176 194 478
884 176 194 478
885 176 194 473
886 176 194 473
887 176 176 0
888 177 194 593
889 177 194 593
890 177 194 793
891 177 194 793
892 177 194 652
893 177 194 652
894 177 194 419
895 177 194 419
896 177 194 0
897 177 177 0
898 177 194 0
899 177 194 0
900 177 194 0
901 177 194 0
902 177 194 0
903 177 181 0
904 177 194 0
905 177 194 0
906 178 179 767
907 178 194 767
908 178 194 863
909 178 194 863
910 178 194 0
911 179 194 466
912 179 194 466
913 179 194 818
914 179 194 818
915 179 194 471
916 179 194 471
917 179 186 440
918 179 194 440
919 179 194 0
920 180 194 465
921 180 194 465
922 180 194 450
923 180 194 450
924 180 194 0
925 180 194 0
926 180 194 0
927 181 194 481
928 181 194 481
929 181 194 463
930 181 194 463
931 182 194 484
932 182 194 484
933 182 194 903
934 182 194 903
935 182 194 0
936 182 194 0
937 182 184 0
938 183 194 462
939 183 194 462
940 183 194 485
941 183 194 485
942 183 194 0
943 183 194 0
944 183 194 0
945 183 194 0
946 183 194 0
947 185 194 526
948 185 189 526
949 185 194 0
950 186 194 452
951 186 194 452
952 186 194 470
953 186 194 470
954 187 194 0
955 187 194 0
956 190 194 472
957 190 194 472
958 190 194 0
959 192 194 468
960 192 194 468
961 192 194 598
962 192 194 598
963 194 194 0
964 194 194 0
965 194 194 0
966 194 194 0
967 194 194 0
968 194 194 0
