1 0 3 0
2 0 3 0
3 0 5 0
4 0 4 0
5 4 4 1
6 4 17 1
7 4 122 2
8 4 17 2
9 5 34 0
10 5 34 0
11 6 6 0
12 7 57 11
13 7 126 11
14 11 28 0
15 18 34 6
16 18 58 6
17 18 34 8
18 18 34 8
19 19 86 0
20 19 120 0
21 24 44 0
22 25 69 0
23 29 51 0
24 29 112 0
25 35 86 15
26 35 59 15
27 35 85 17
28 35 59 17
29 35 65 10
30 35 194 10
31 35 130 0
32 35 86 0
33 35 129 0
34 35 88 0
35 35 44 0
36 35 59 0
37 35 84 0
38 35 58 0
39 45 60 35
40 45 58 35
41 45 87 0
42 45 194 0
43 52 117 23
44 52 125 23
45 52 105 0
46 58 126 12
47 58 96 12
48 58 86 0
49 59 85 16
50 59 194 16
51 59 85 38
52 59 84 38
53 59 162 40
54 59 194 40
55 59 59 0
56 59 85 0
57 59 86 0
58 59 171 0
59 60 123 26
60 60 84 26
61 60 85 55
62 60 194 55
63 60 89 36
64 60 88 36
65 60 88 28
66 60 81 28
67 60 84 0
68 60 87 0
69 61 169 39
70 61 158 39
71 61 194 0
72 64 104 0
73 66 147 29
74 66 153 29
75 68 163 0
76 69 194 0
77 70 85 22
78 70 194 22
79 71 181 0
80 80 110 0
81 80 194 0
82 82 86 66
83 82 180 66
84 84 120 0
85 85 166 67
86 85 87 67
87 85 119 37
88 85 120 37
89 85 86 52
90 85 117 52
91 85 86 0
92 85 170 0
93 85 184 0
94 86 165 49
95 86 86 49
96 86 119 61
97 86 86 61
98 86 168 56
99 86 158 56
100 86 122 51
101 86 176 51
102 86 164 27
103 86 194 27
104 86 108 77
105 86 194 77
106 86 121 0
107 87 120 25
108 87 119 25
109 87 119 48
110 87 87 48
111 87 128 95
112 87 88 95
113 87 120 32
114 87 123 32
115 87 119 91
116 87 194 91
117 87 160 97
118 87 194 97
119 87 119 19
120 87 87 19
121 87 194 57
122 87 123 57
123 87 168 89
124 87 163 89
125 87 120 82
126 87 118 82
127 88 119 86
128 88 118 86
129 88 164 110
130 88 125 110
131 88 120 120
132 88 100 120
133 88 119 41
134 88 164 41
135 88 121 68
136 88 97 68
137 89 96 112
138 89 116 112
139 89 124 34
140 89 118 34
141 89 122 64
142 89 194 64
143 89 162 65
144 89 119 65
145 89 125 0
146 90 194 63
147 90 118 63
148 97 118 137
149 97 165 137
150 97 172 47
151 97 128 47
152 98 114 136
153 98 129 136
154 98 138 0
155 99 122 0
156 101 102 132
157 101 194 132
158 101 145 0
159 102 194 0
160 103 194 156
161 103 194 156
162 105 194 72
163 105 145 72
164 106 111 45
165 106 146 45
166 106 194 0
167 108 194 0
168 109 123 104
169 109 120 104
170 111 194 80
171 111 131 80
172 112 160 164
173 112 121 164
174 113 194 24
175 113 155 24
176 115 171 152
177 115 162 152
178 117 194 138
179 117 194 138
180 117 125 0
181 118 162 90
182 118 161 90
183 118 173 43
184 118 194 43
185 118 158 0
186 119 122 128
187 119 166 128
188 119 194 148
189 119 119 148
190 119 194 147
191 119 123 147
192 119 119 126
193 119 124 126
194 119 137 140
195 119 161 140
196 120 162 108
197 120 155 108
198 120 167 127
199 120 163 127
200 120 194 109
201 120 194 109
202 120 165 189
203 120 164 189
204 120 194 115
205 120 194 115
206 120 162 119
207 120 120 119
208 120 171 96
209 120 125 96
210 120 194 133
211 120 120 133
212 120 162 87
213 120 194 87
214 120 170 144
215 120 124 144
216 120 166 192
217 120 194 192
218 121 122 107
219 121 194 107
220 121 161 113
221 121 194 113
222 121 123 207
223 121 171 207
224 121 160 131
225 121 167 131
226 121 121 20
227 121 194 20
228 121 121 84
229 121 194 84
230 121 194 211
231 121 194 211
232 121 165 88
233 121 194 88
234 121 168 125
235 121 194 125
236 121 165 169
237 121 126 169
238 121 194 0
239 121 165 0
240 122 137 106
241 122 171 106
242 122 172 226
243 122 144 226
244 122 158 228
245 122 194 228
246 122 165 135
247 122 168 135
248 122 162 173
249 122 128 173
250 122 167 0
251 123 173 218
252 123 184 218
253 123 194 186
254 123 194 186
255 123 194 7
256 123 168 7
257 123 167 141
258 123 175 141
259 123 168 100
260 123 165 100
261 123 162 155
262 123 159 155
263 124 194 114
264 124 126 114
265 124 194 59
266 124 165 59
267 124 160 222
268 124 194 222
269 124 182 168
270 124 194 168
271 124 168 191
272 124 171 191
273 124 167 122
274 124 194 122
275 125 126 139
276 125 171 139
277 125 162 193
278 125 194 193
279 125 194 215
280 125 194 215
281 125 194 0
282 126 128 180
283 126 135 180
284 126 155 130
285 126 174 130
286 126 126 44
287 126 126 44
288 126 170 0
289 127 194 264
290 127 153 264
291 127 194 275
292 127 194 275
293 127 134 46
294 127 194 46
295 127 194 13
296 127 170 13
297 127 154 287
298 127 128 287
299 127 194 0
300 127 169 0
301 129 132 111
302 129 177 111
303 129 169 151
304 129 157 151
305 129 169 282
306 129 171 282
307 129 185 298
308 129 194 298
309 129 171 249
310 129 165 249
311 129 194 0
312 130 194 33
313 130 159 33
314 130 171 153
315 130 194 153
316 131 194 31
317 131 161 31
318 131 179 0
319 132 151 171
320 132 194 171
321 133 164 301
322 133 178 301
323 135 194 293
324 135 194 293
325 136 159 283
326 136 194 283
327 137 171 0
328 138 171 240
329 138 194 240
330 138 161 194
331 138 194 194
332 139 194 154
333 139 194 154
334 143 194 0
335 145 165 243
336 145 163 243
337 146 171 158
338 146 194 158
339 146 194 163
340 146 194 163
341 147 194 165
342 147 194 165
343 148 185 73
344 148 194 73
345 152 165 319
346 152 194 319
347 154 162 290
348 154 184 290
349 154 194 74
350 154 194 74
351 155 179 297
352 155 175 297
353 155 194 0
354 156 194 197
355 156 194 197
356 156 194 284
357 156 194 284
358 156 194 175
359 156 194 175
360 158 164 304
361 158 194 304
362 159 194 185
363 159 194 185
364 159 194 244
365 159 165 244
366 159 194 99
367 159 194 99
368 159 174 70
369 159 194 70
370 160 160 325
371 160 160 325
372 160 194 313
373 160 160 313
374 161 169 373
375 161 194 373
376 161 194 370
377 161 165 370
378 161 194 117
379 161 166 117
380 161 166 267
381 161 194 267
382 161 194 224
383 161 194 224
384 161 194 172
385 161 194 172
386 162 162 317
387 162 162 317
388 162 194 220
389 162 194 220
390 162 194 195
391 162 194 195
392 162 194 182
393 162 194 182
394 162 167 0
395 163 194 196
396 163 165 196
397 163 173 347
398 163 163 347
399 163 166 387
400 163 194 387
401 163 194 177
402 163 194 177
403 163 194 206
404 163 165 206
405 163 194 181
406 163 164 181
407 163 194 277
408 163 176 277
409 163 194 143
410 163 194 143
411 163 167 261
412 163 178 261
413 163 194 53
414 163 176 53
415 163 194 248
416 163 194 248
417 163 194 0
418 163 194 0
419 163 166 0
420 164 194 199
421 164 194 199
422 164 165 75
423 164 180 75
424 164 194 336
425 164 168 336
426 164 167 398
427 164 194 398
428 164 194 124
429 164 194 124
430 165 194 129
431 165 166 129
432 165 194 203
433 165 168 203
434 165 175 321
435 165 194 321
436 165 194 134
437 165 194 134
438 165 169 406
439 165 194 406
440 165 167 102
441 165 194 102
442 165 174 360
443 165 194 360
444 165 194 0
445 166 166 94
446 166 177 94
447 166 169 266
448 166 194 266
449 166 194 422
450 166 180 422
451 166 194 202
452 166 194 202
453 166 194 365
454 166 194 365
455 166 194 396
456 166 169 396
457 166 194 377
458 166 166 377
459 166 194 404
460 166 194 404
461 166 194 335
462 166 194 335
463 166 194 236
464 166 194 236
465 166 194 239
466 166 174 239
467 166 194 232
468 166 194 232
469 166 194 260
470 166 194 260
471 166 194 345
472 166 194 345
473 166 182 310
474 166 194 310
475 166 194 0
476 166 194 0
477 166 194 0
478 167 168 445
479 167 173 445
480 167 173 187
481 167 194 187
482 167 168 431
483 167 194 431
484 167 194 399
485 167 194 399
486 167 173 380
487 167 194 380
488 167 167 458
489 167 167 458
490 167 194 85
491 167 194 85
492 167 194 419
493 167 194 419
494 167 194 216
495 167 176 216
496 167 194 379
497 167 168 379
498 167 194 0
499 167 169 0
500 168 173 250
501 168 194 250
502 168 181 394
503 168 194 394
504 168 194 426
505 168 194 426
506 168 175 489
507 168 194 489
508 168 194 198
509 168 194 198
510 168 194 257
511 168 194 257
512 168 194 273
513 168 194 273
514 168 194 225
515 168 194 225
516 168 194 440
517 168 194 440
518 168 194 411
519 168 194 411
520 168 194 0
521 169 171 478
522 169 194 478
523 169 194 482
524 169 194 482
525 169 170 256
526 169 194 256
527 169 194 433
528 169 194 433
529 169 194 98
530 169 194 98
531 169 169 271
532 169 194 271
533 169 169 123
534 169 194 123
535 169 194 234
536 169 194 234
537 169 172 425
538 169 194 425
539 169 194 497
540 169 194 497
541 169 178 0
542 170 194 447
543 170 194 447
544 170 170 456
545 170 194 456
546 170 194 374
547 170 194 374
548 170 194 305
549 170 171 305
550 170 170 69
551 170 194 69
552 170 194 531
553 170 194 531
554 170 194 438
555 170 194 438
556 170 194 533
557 170 194 533
558 170 191 300
559 170 194 300
560 170 194 303
561 170 194 303
562 170 194 499
563 170 194 499
564 170 194 0
565 171 194 544
566 171 194 544
567 171 194 525
568 171 194 525
569 171 194 550
570 171 194 550
571 171 194 288
572 171 171 288
573 171 194 92
574 171 194 92
575 171 173 296
576 171 194 296
577 171 194 214
578 171 194 214
579 172 173 521
580 172 173 521
581 172 194 223
582 172 194 223
583 172 194 208
584 172 194 208
585 172 194 241
586 172 194 241
587 172 194 327
588 172 178 327
589 172 194 272
590 172 194 272
591 172 194 176
592 172 194 176
593 172 194 58
594 172 194 58
595 172 194 337
596 172 194 337
597 172 194 549
598 172 194 549
599 172 194 306
600 172 194 306
601 172 194 309
602 172 194 309
603 172 173 0
604 172 194 0
605 173 194 150
606 173 194 150
607 173 194 242
608 173 194 242
609 174 194 579
610 174 194 579
611 174 194 480
612 174 194 480
613 174 194 397
614 174 194 397
615 174 194 500
616 174 194 500
617 174 194 486
618 174 194 486
619 174 194 603
620 174 194 603
621 174 194 183
622 174 194 183
623 174 194 575
624 174 194 575
625 174 194 0
626 174 194 0
627 175 194 285
628 175 194 285
629 175 194 442
630 175 194 442
631 175 194 368
632 175 194 368
633 175 194 466
634 175 176 466
635 175 194 0
636 176 194 434
637 176 177 434
638 176 194 506
639 176 194 506
640 176 194 258
641 176 194 258
642 176 194 352
643 176 194 352
644 176 194 0
645 177 194 414
646 177 194 414
647 177 194 495
648 177 194 495
649 177 194 408
650 177 194 408
651 177 194 101
652 177 194 101
653 177 194 634
654 177 194 634
655 177 194 0
656 178 194 446
657 178 194 446
658 178 194 637
659 178 194 637
660 178 194 0
661 179 194 412
662 179 194 412
663 179 194 588
664 179 194 588
665 179 194 322
666 179 194 322
667 179 182 541
668 179 194 541
669 180 194 318
670 180 194 318
671 180 194 351
672 180 194 351
673 181 194 450
674 181 194 450
675 181 194 83
676 181 194 83
677 181 194 0
678 182 194 502
679 182 194 502
680 182 194 79
681 182 194 79
682 183 194 269
683 183 194 269
684 183 194 473
685 183 194 473
686 183 194 667
687 183 194 667
688 183 194 0
689 185 194 252
690 185 194 252
691 185 194 93
692 185 194 93
693 186 194 307
694 186 194 307
695 186 194 343
696 186 194 343
697 190 194 0
698 192 194 558
699 192 194 558
700 192 194 0
