1 120 125 0
2 120 121 0
3 120 125 0
4 120 121 0
5 120 121 0
6 120 125 0
7 120 125 0
8 120 123 0
9 120 120 0
10 120 123 0
11 120 120 0
12 120 120 0
13 120 125 0
14 120 123 0
15 120 125 0
16 120 125 0
17 120 125 0
18 120 125 0
19 120 125 0
20 120 120 0
21 120 123 0
22 120 123 0
23 120 125 0
24 120 125 0
25 120 123 0
26 120 125 0
27 120 123 0
28 120 122 0
29 120 125 0
30 120 123 0
31 120 122 0
32 120 124 0
33 120 123 0
34 120 125 0
35 120 122 0
36 120 121 0
37 120 125 0
38 120 120 0
39 120 121 0
40 120 125 0
41 120 122 0
42 120 124 0
43 120 125 0
44 120 125 0
45 120 125 0
46 120 122 0
47 120 124 0
48 120 120 0
49 120 125 0
50 120 125 0
51 120 124 0
52 120 121 0
53 120 124 0
54 120 122 0
55 120 121 0
56 120 122 0
57 120 122 0
58 120 120 0
59 120 120 0
60 120 125 0
61 120 124 0
62 120 122 0
63 120 121 0
64 120 123 0
65 120 123 0
66 120 125 0
67 120 122 0
68 120 123 0
69 120 122 0
70 120 120 0
71 120 125 0
72 120 121 0
73 120 125 0
74 120 125 0
75 120 125 0
76 120 125 0
77 120 125 0
78 120 125 0
79 120 125 0
80 120 125 0
81 120 122 0
82 120 123 0
83 120 125 0
84 120 125 0
85 120 125 0
86 120 122 0
87 120 125 0
88 120 121 0
89 120 120 0
90 120 120 0
91 120 124 0
92 120 122 0
93 120 125 0
94 120 123 0
95 120 120 0
96 120 124 0
97 120 125 0
98 120 122 0
99 120 121 0
100 120 125 0
101 120 122 0
102 120 125 0
103 120 123 0
104 120 120 0
105 120 125 0
106 120 124 0
107 120 125 0
108 120 125 0
109 120 120 0
110 120 120 0
111 120 123 0
112 120 125 0
113 120 125 0
114 120 122 0
115 120 121 0
116 121 125 9
117 121 121 9
118 121 125 11
119 121 121 11
120 121 121 12
121 121 125 12
122 121 121 20
123 121 125 20
124 121 125 38
125 121 121 38
126 121 121 48
127 121 125 48
128 121 125 58
129 121 122 58
130 121 125 59
131 121 125 59
132 121 121 70
133 121 125 70
134 121 122 0
135 121 121 89
136 121 122 89
137 121 123 90
138 121 121 90
139 121 125 95
140 121 121 95
141 121 125 104
142 121 121 104
143 121 125 109
144 121 122 109
145 121 125 110
146 121 125 110
147 121 125 0
148 121 121 0
149 121 125 0
150 121 122 0
151 121 125 0
152 121 125 0
153 121 121 0
154 121 125 0
155 121 123 0
156 121 123 0
157 121 125 0
158 121 125 0
159 121 125 0
160 122 122 5
161 122 125 5
162 122 123 148
163 122 125 148
164 122 122 4
165 122 125 4
166 122 122 153
167 122 125 153
168 122 122 39
169 122 125 39
170 122 123 125
171 122 122 125
172 122 125 52
173 122 122 52
174 122 125 63
175 122 122 63
176 122 125 55
177 122 125 55
178 122 125 88
179 122 122 88
180 122 125 99
181 122 122 99
182 122 122 115
183 122 125 115
184 122 123 0
185 122 125 0
186 122 125 0
187 122 125 0
188 122 123 0
189 122 123 0
190 123 123 0
191 123 125 164
192 123 123 164
193 123 125 35
194 123 123 35
195 123 124 31
196 123 125 31
197 123 125 46
198 123 124 46
199 123 123 62
200 123 123 62
201 123 125 57
202 123 123 57
203 123 123 67
204 123 125 67
205 123 123 134
206 123 125 134
207 123 124 81
208 123 123 81
209 123 123 86
210 123 125 86
211 123 125 136
212 123 125 136
213 123 125 101
214 123 123 101
215 123 125 98
216 123 123 98
217 123 125 144
218 123 125 144
219 123 125 114
220 123 123 114
221 123 125 92
222 123 123 92
223 123 125 0
224 123 125 0
225 123 123 0
226 123 125 0
227 123 125 0
228 124 125 27
229 124 125 27
230 124 124 14
231 124 125 14
232 124 125 8
233 124 124 8
234 124 125 22
235 124 124 22
236 124 125 25
237 124 124 25
238 124 125 21
239 124 124 21
240 124 124 33
241 124 125 33
242 124 125 10
243 124 125 10
244 124 125 156
245 124 124 156
246 124 125 170
247 124 124 170
248 124 125 30
249 124 124 30
250 124 125 184
251 124 124 184
252 124 125 155
253 124 125 155
254 124 125 64
255 124 124 64
256 124 125 65
257 124 125 65
258 124 125 199
259 124 124 199
260 124 125 82
261 124 125 82
262 124 124 94
263 124 125 94
264 124 124 188
265 124 125 188
266 124 125 111
267 124 124 111
268 124 125 189
269 124 124 189
270 124 125 103
271 124 124 103
272 124 124 0
273 124 125 0
274 124 124 0
275 124 125 0
276 124 125 0
277 125 125 272
278 125 125 272
279 125 125 274
280 125 125 274
281 125 125 42
282 125 125 42
283 125 125 32
284 125 125 32
285 125 125 51
286 125 125 51
287 125 125 198
288 125 125 198
289 125 125 61
290 125 125 61
291 125 125 47
292 125 125 47
293 125 125 91
294 125 125 91
295 125 125 207
296 125 125 207
297 125 125 106
298 125 125 106
299 125 125 96
300 125 125 96
