1 0 3 0
2 0 3 0
3 0 5 0
4 0 4 0
5 4 4 1
6 4 17 1
7 4 194 2
8 4 17 2
9 5 34 0
10 5 194 0
11 6 6 0
12 7 57 11
13 7 194 11
14 11 28 0
15 18 59 6
16 18 58 6
17 18 59 8
18 18 34 8
19 19 194 0
20 19 194 0
21 24 44 0
22 25 69 0
23 29 51 0
24 29 194 0
25 35 86 0
26 35 194 0
27 35 194 0
28 35 194 0
29 35 126 0
30 35 169 0
31 35 59 0
32 35 165 0
33 35 85 0
34 35 85 0
35 35 65 0
36 45 87 0
37 45 58 0
38 45 194 0
39 52 194 23
40 52 128 23
41 52 105 0
42 58 194 12
43 58 194 12
44 58 86 0
45 59 85 16
46 59 194 16
47 59 194 37
48 59 194 37
49 59 119 0
50 59 85 0
51 59 86 0
52 59 194 0
53 59 194 0
54 60 123 15
55 60 84 15
56 60 194 31
57 60 88 31
58 60 88 17
59 60 120 17
60 60 194 0
61 60 87 0
62 60 194 0
63 61 194 0
64 61 194 0
65 64 104 0
66 66 194 35
67 66 194 35
68 68 194 0
69 69 194 0
70 70 85 22
71 70 144 22
72 71 181 0
73 80 110 0
74 80 194 0
75 82 194 0
76 84 194 0
77 85 194 0
78 85 170 0
79 85 166 0
80 85 119 0
81 85 194 0
82 85 194 0
83 86 168 45
84 86 164 45
85 86 194 50
86 86 194 50
87 86 122 33
88 86 176 33
89 86 164 34
90 86 194 34
91 86 108 70
92 86 169 70
93 86 160 0
94 86 137 0
95 87 173 25
96 87 119 25
97 87 119 44
98 87 164 44
99 87 194 51
100 87 123 51
101 87 194 0
102 87 194 0
103 87 96 0
104 87 194 0
105 87 160 0
106 87 163 0
107 87 118 0
108 88 194 36
109 88 165 36
110 88 165 61
111 88 97 61
112 88 194 0
113 88 102 0
114 88 125 0
115 89 122 57
116 89 194 57
117 89 194 58
118 89 194 58
119 89 116 0
120 89 118 0
121 89 125 0
122 90 118 0
123 97 118 103
124 97 165 103
125 97 128 0
126 98 171 111
127 98 129 111
128 98 194 0
129 99 122 0
130 101 145 0
131 101 194 0
132 102 194 0
133 103 194 113
134 103 194 113
135 105 194 65
136 105 194 65
137 106 194 41
138 106 146 41
139 106 194 0
140 108 194 0
141 109 123 91
142 109 120 91
143 111 194 73
144 111 194 73
145 112 194 0
146 113 194 0
147 115 194 0
148 117 194 119
149 117 194 119
150 117 125 0
151 118 194 0
152 118 194 0
153 118 194 0
154 119 194 123
155 119 194 123
156 119 194 122
157 119 194 122
158 119 119 107
159 119 194 107
160 119 137 120
161 119 194 120
162 119 194 0
163 120 194 96
164 120 194 96
165 120 194 97
166 120 194 97
167 120 194 49
168 120 125 49
169 120 162 80
170 120 194 80
171 120 166 158
172 120 194 158
173 120 194 0
174 120 194 0
175 120 194 0
176 120 160 0
177 120 120 0
178 120 194 0
179 121 194 177
180 121 194 177
181 121 194 59
182 121 194 59
183 121 165 142
184 121 154 142
185 121 194 0
186 121 194 0
187 121 194 0
188 121 194 0
189 121 194 0
190 121 194 0
191 121 194 0
192 121 165 0
193 121 194 0
194 122 167 0
195 122 168 0
196 122 194 0
197 122 194 0
198 122 194 0
199 122 128 0
200 123 194 115
201 123 194 115
202 123 176 87
203 123 194 87
204 123 194 129
205 123 159 129
206 123 184 0
207 123 194 0
208 123 194 0
209 124 194 54
210 124 194 54
211 124 173 141
212 124 194 141
213 124 167 100
214 124 173 100
215 124 194 0
216 124 194 0
217 124 194 0
218 125 194 0
219 125 194 0
220 125 194 0
221 125 171 0
222 126 194 150
223 126 135 150
224 126 194 114
225 126 194 114
226 126 194 0
227 126 126 0
228 127 194 29
229 127 194 29
230 127 194 0
231 127 194 0
232 127 194 0
233 127 194 0
234 127 194 0
235 129 194 125
236 129 157 125
237 129 194 40
238 129 194 40
239 129 171 199
240 129 165 199
241 129 177 0
242 129 194 0
243 129 194 0
244 130 171 127
245 130 194 127
246 130 194 0
247 131 161 0
248 131 179 0
249 132 194 0
250 133 194 0
251 135 194 0
252 136 194 223
253 136 194 223
254 137 194 0
255 138 169 94
256 138 194 94
257 138 161 160
258 138 194 160
259 139 194 0
260 143 194 0
261 145 194 71
262 145 194 71
263 146 194 130
264 146 194 130
265 146 194 0
266 147 194 138
267 147 194 138
268 148 194 0
269 152 194 0
270 154 184 0
271 154 194 0
272 155 194 184
273 155 194 184
274 155 194 0
275 156 194 0
276 156 194 0
277 156 194 0
278 158 164 236
279 158 194 236
280 159 194 0
281 159 194 0
282 159 194 0
283 159 194 0
284 160 169 205
285 160 160 205
286 161 194 285
287 161 194 285
288 161 194 93
289 161 194 93
290 161 194 176
291 161 194 176
292 161 194 105
293 161 194 105
294 161 194 0
295 162 162 247
296 162 166 247
297 162 194 257
298 162 167 257
299 162 194 0
300 162 194 0
301 163 194 295
302 163 194 295
303 163 194 169
304 163 194 169
305 163 194 0
306 163 194 0
307 163 194 0
308 163 194 0
309 163 194 0
310 163 194 0
311 163 194 0
312 163 194 0
313 163 194 0
314 163 194 0
315 164 194 106
316 164 194 106
317 164 194 0
318 164 194 0
319 164 194 0
320 164 172 0
321 165 194 98
322 165 194 98
323 165 194 84
324 165 194 84
325 165 194 89
326 165 194 89
327 165 194 278
328 165 194 278
329 165 194 0
330 165 194 0
331 165 194 0
332 165 194 0
333 166 170 124
334 166 194 124
335 166 194 183
336 166 194 183
337 166 194 109
338 166 194 109
339 166 194 192
340 166 194 192
341 166 194 32
342 166 194 32
343 166 194 110
344 166 194 110
345 166 194 240
346 166 194 240
347 166 177 0
348 166 167 0
349 166 194 0
350 166 194 0
351 166 194 0
352 166 194 0
353 166 194 0
354 166 194 0
355 166 194 0
356 167 194 296
357 167 194 296
358 167 194 79
359 167 194 79
360 167 194 171
361 167 194 171
362 167 173 0
363 167 194 0
364 167 175 0
365 167 194 0
366 167 194 0
367 167 194 0
368 167 194 0
369 167 194 0
370 167 169 0
371 168 194 194
372 168 194 194
373 168 194 298
374 168 194 298
375 168 194 348
376 168 194 348
377 168 194 213
378 168 194 213
379 168 194 0
380 168 194 0
381 168 194 0
382 168 194 0
383 168 194 0
384 168 194 0
385 169 171 83
386 169 194 83
387 169 194 195
388 169 194 195
389 169 194 0
390 169 194 0
391 169 194 0
392 169 194 0
393 169 194 0
394 169 194 0
395 169 178 0
396 170 194 284
397 170 194 284
398 170 170 30
399 170 194 30
400 170 171 255
401 170 194 255
402 170 194 370
403 170 194 370
404 170 194 92
405 170 194 92
406 170 194 0
407 170 194 0
408 170 194 0
409 170 194 0
410 170 194 0
411 170 194 0
412 170 194 0
413 171 194 333
414 171 194 333
415 171 194 398
416 171 194 398
417 171 194 78
418 171 194 78
419 171 194 0
420 171 194 0
421 171 171 0
422 171 194 0
423 172 173 385
424 172 173 385
425 172 194 126
426 172 194 126
427 172 194 244
428 172 194 244
429 172 194 421
430 172 194 421
431 172 194 400
432 172 194 400
433 172 194 221
434 172 194 221
435 172 194 239
436 172 194 239
437 172 194 0
438 172 194 0
439 172 194 0
440 173 194 320
441 173 194 320
442 174 194 423
443 174 194 423
444 174 194 95
445 174 194 95
446 174 194 211
447 174 194 211
448 174 194 214
449 174 194 214
450 174 194 0
451 174 194 0
452 174 194 0
453 174 194 0
454 174 194 0
455 175 194 0
456 175 194 0
457 175 194 0
458 175 194 0
459 175 194 0
460 176 194 364
461 176 194 364
462 176 194 0
463 176 194 0
464 176 194 0
465 176 194 0
466 177 194 88
467 177 194 88
468 177 194 202
469 177 194 202
470 177 194 0
471 177 194 0
472 177 194 0
473 177 194 0
474 178 194 347
475 178 194 347
476 178 194 0
477 178 194 0
478 179 182 395
479 179 194 395
480 179 194 0
481 179 194 0
482 179 194 0
483 180 194 248
484 180 194 248
485 180 194 0
486 181 194 0
487 181 194 0
488 182 194 72
489 182 194 72
490 182 194 0
491 183 194 478
492 183 194 478
493 183 194 0
494 183 194 0
495 183 194 0
496 185 194 206
497 185 194 206
498 185 194 0
499 186 194 0
500 186 194 0
501 190 194 0
502 192 194 0
503 192 194 0
