1 0 3 0
2 0 3 0
3 0 5 0
4 0 4 0
5 4 4 1
6 4 17 1
7 4 122 2
8 4 17 2
9 5 34 0
10 5 194 0
11 6 6 0
12 7 57 11
13 7 126 11
14 11 28 0
15 18 59 6
16 18 58 6
17 18 59 8
18 18 34 8
19 19 86 0
20 19 120 0
21 24 44 0
22 25 69 0
23 29 51 0
24 29 112 0
25 35 86 0
26 35 130 0
27 35 86 0
28 35 129 0
29 35 88 0
30 35 60 0
31 35 59 0
32 35 120 0
33 35 58 0
34 35 85 0
35 35 65 0
36 45 87 0
37 45 58 0
38 45 194 0
39 52 117 23
40 52 125 23
41 52 105 0
42 58 126 12
43 58 96 12
44 58 86 0
45 59 85 16
46 59 194 16
47 59 85 33
48 59 117 33
49 59 162 37
50 59 194 37
51 59 59 0
52 59 85 0
53 59 86 0
54 59 171 0
55 60 123 15
56 60 84 15
57 60 85 51
58 60 194 51
59 60 89 31
60 60 88 31
61 60 88 17
62 60 81 17
63 60 87 0
64 60 87 0
65 61 169 30
66 61 158 30
67 61 194 0
68 64 104 0
69 66 147 35
70 66 153 35
71 68 163 0
72 69 194 0
73 70 85 22
74 70 194 22
75 71 181 0
76 80 110 0
77 80 194 0
78 82 86 62
79 82 180 62
80 84 120 0
81 85 86 0
82 85 170 0
83 85 166 0
84 85 119 0
85 85 86 0
86 85 184 0
87 86 165 45
88 86 86 45
89 86 119 57
90 86 86 57
91 86 168 52
92 86 158 52
93 86 122 47
94 86 176 47
95 86 164 34
96 86 194 34
97 86 108 73
98 86 194 73
99 86 121 0
100 87 120 25
101 87 119 25
102 87 119 44
103 87 87 44
104 87 128 88
105 87 88 88
106 87 120 27
107 87 123 27
108 87 119 81
109 87 194 81
110 87 160 90
111 87 194 90
112 87 119 19
113 87 87 19
114 87 194 53
115 87 123 53
116 87 168 85
117 87 163 85
118 87 120 78
119 87 118 78
120 88 119 63
121 88 118 63
122 88 164 103
123 88 125 103
124 88 120 113
125 88 100 113
126 88 119 36
127 88 164 36
128 88 121 64
129 88 97 64
130 89 96 105
131 89 116 105
132 89 124 29
133 89 118 29
134 89 122 60
135 89 194 60
136 89 162 61
137 89 119 61
138 89 125 0
139 90 194 59
140 90 118 59
141 97 118 130
142 97 165 130
143 97 172 43
144 97 128 43
145 98 114 129
146 98 129 129
147 98 138 0
148 99 122 0
149 101 102 125
150 101 194 125
151 101 145 0
152 102 194 0
153 103 194 149
154 103 194 149
155 105 194 68
156 105 145 68
157 106 111 41
158 106 146 41
159 106 194 0
160 108 194 0
161 109 123 97
162 109 120 97
163 111 194 76
164 111 131 76
165 112 160 157
166 112 121 157
167 113 194 24
168 113 155 24
169 115 171 145
170 115 162 145
171 117 194 131
172 117 194 131
173 117 125 0
174 118 162 48
175 118 161 48
176 118 173 39
177 118 194 39
178 118 158 0
179 119 122 121
180 119 166 121
181 119 194 141
182 119 119 141
183 119 194 140
184 119 123 140
185 119 119 119
186 119 124 119
187 119 137 133
188 119 161 133
189 120 162 101
190 120 155 101
191 120 167 120
192 120 163 120
193 120 194 102
194 120 194 102
195 120 165 182
196 120 164 182
197 120 194 108
198 120 194 108
199 120 162 112
200 120 120 112
201 120 171 89
202 120 125 89
203 120 194 126
204 120 120 126
205 120 162 84
206 120 194 84
207 120 170 137
208 120 124 137
209 120 166 185
210 120 194 185
211 121 122 100
212 121 194 100
213 121 161 106
214 121 194 106
215 121 123 200
216 121 171 200
217 121 160 124
218 121 167 124
219 121 121 20
220 121 194 20
221 121 121 80
222 121 194 80
223 121 194 204
224 121 194 204
225 121 165 32
226 121 194 32
227 121 168 118
228 121 194 118
229 121 165 162
230 121 126 162
231 121 194 0
232 121 165 0
233 122 137 99
234 122 171 99
235 122 172 219
236 122 144 219
237 122 158 221
238 122 194 221
239 122 165 128
240 122 168 128
241 122 162 166
242 122 128 166
243 122 167 0
244 123 173 211
245 123 184 211
246 123 194 179
247 123 194 179
248 123 194 7
249 123 168 7
250 123 167 134
251 123 175 134
252 123 168 93
253 123 165 93
254 123 162 148
255 123 159 148
256 124 194 107
257 124 126 107
258 124 194 55
259 124 165 55
260 124 160 215
261 124 194 215
262 124 182 161
263 124 194 161
264 124 168 184
265 124 171 184
266 124 167 115
267 124 194 115
268 125 126 132
269 125 171 132
270 125 162 186
271 125 194 186
272 125 194 208
273 125 194 208
274 125 194 0
275 126 128 173
276 126 135 173
277 126 155 123
278 126 174 123
279 126 126 40
280 126 126 40
281 126 170 0
282 127 194 257
283 127 153 257
284 127 194 268
285 127 194 268
286 127 134 42
287 127 194 42
288 127 194 13
289 127 170 13
290 127 154 280
291 127 128 280
292 127 194 0
293 127 169 0
294 129 132 104
295 129 177 104
296 129 169 144
297 129 157 144
298 129 169 275
299 129 171 275
300 129 185 291
301 129 194 291
302 129 171 242
303 129 165 242
304 129 194 0
305 130 194 28
306 130 159 28
307 130 171 146
308 130 194 146
309 131 194 26
310 131 161 26
311 131 179 0
312 132 151 164
313 132 194 164
314 133 164 294
315 133 178 294
316 135 194 286
317 135 194 286
318 136 159 276
319 136 194 276
320 137 171 0
321 138 171 233
322 138 194 233
323 138 161 187
324 138 194 187
325 139 194 147
326 139 194 147
327 143 194 0
328 145 165 236
329 145 163 236
330 146 171 151
331 146 194 151
332 146 194 156
333 146 194 156
334 147 194 158
335 147 194 158
336 148 185 69
337 148 194 69
338 152 165 312
339 152 194 312
340 154 162 283
341 154 184 283
342 154 194 70
343 154 194 70
344 155 179 290
345 155 175 290
346 155 194 0
347 156 194 190
348 156 194 190
349 156 194 277
350 156 194 277
351 156 194 168
352 156 194 168
353 158 164 297
354 158 194 297
355 159 194 178
356 159 194 178
357 159 194 237
358 159 165 237
359 159 194 92
360 159 194 92
361 159 174 66
362 159 194 66
363 160 160 318
364 160 160 318
365 160 194 306
366 160 160 306
367 161 169 366
368 161 194 366
369 161 194 363
370 161 165 363
371 161 194 110
372 161 166 110
373 161 166 260
374 161 194 260
375 161 194 217
376 161 194 217
377 161 194 165
378 161 194 165
379 162 162 310
380 162 162 310
381 162 194 213
382 162 194 213
383 162 194 188
384 162 194 188
385 162 194 175
386 162 194 175
387 162 167 0
388 163 194 189
389 163 165 189
390 163 173 340
391 163 163 340
392 163 166 380
393 163 194 380
394 163 194 170
395 163 194 170
396 163 194 199
397 163 165 199
398 163 194 174
399 163 164 174
400 163 194 270
401 163 176 270
402 163 194 136
403 163 194 136
404 163 167 254
405 163 178 254
406 163 194 49
407 163 176 49
408 163 194 241
409 163 194 241
410 163 194 0
411 163 194 0
412 163 166 0
413 164 194 192
414 164 194 192
415 164 165 71
416 164 180 71
417 164 194 329
418 164 168 329
419 164 167 391
420 164 194 391
421 164 194 117
422 164 194 117
423 165 194 122
424 165 166 122
425 165 194 196
426 165 168 196
427 165 175 314
428 165 194 314
429 165 194 127
430 165 194 127
431 165 169 399
432 165 194 399
433 165 167 95
434 165 194 95
435 165 174 353
436 165 194 353
437 165 194 0
438 166 166 87
439 166 177 87
440 166 169 259
441 166 194 259
442 166 194 415
443 166 180 415
444 166 194 195
445 166 194 195
446 166 194 358
447 166 194 358
448 166 194 389
449 166 169 389
450 166 194 370
451 166 166 370
452 166 194 397
453 166 194 397
454 166 194 328
455 166 194 328
456 166 194 229
457 166 194 229
458 166 194 232
459 166 174 232
460 166 194 225
461 166 194 225
462 166 194 253
463 166 194 253
464 166 194 338
465 166 194 338
466 166 182 303
467 166 194 303
468 166 194 0
469 166 194 0
470 166 194 0
471 167 168 438
472 167 173 438
473 167 173 180
474 167 194 180
475 167 168 424
476 167 194 424
477 167 194 392
478 167 194 392
479 167 173 373
480 167 194 373
481 167 167 451
482 167 167 451
483 167 194 83
484 167 194 83
485 167 194 412
486 167 194 412
487 167 194 209
488 167 176 209
489 167 194 372
490 167 168 372
491 167 194 0
492 167 169 0
493 168 173 243
494 168 194 243
495 168 181 387
496 168 194 387
497 168 194 419
498 168 194 419
499 168 175 482
500 168 194 482
501 168 194 191
502 168 194 191
503 168 194 250
504 168 194 250
505 168 194 266
506 168 194 266
507 168 194 218
508 168 194 218
509 168 194 433
510 168 194 433
511 168 194 404
512 168 194 404
513 168 194 0
514 169 171 471
515 169 194 471
516 169 194 475
517 169 194 475
518 169 170 249
519 169 194 249
520 169 194 426
521 169 194 426
522 169 194 91
523 169 194 91
524 169 169 264
525 169 194 264
526 169 169 116
527 169 194 116
528 169 194 227
529 169 194 227
530 169 172 418
531 169 194 418
532 169 194 490
533 169 194 490
534 169 178 0
535 170 194 440
536 170 194 440
537 170 170 449
538 170 194 449
539 170 194 367
540 170 194 367
541 170 194 298
542 170 171 298
543 170 170 65
544 170 194 65
545 170 194 524
546 170 194 524
547 170 194 431
548 170 194 431
549 170 194 526
550 170 194 526
551 170 191 293
552 170 194 293
553 170 194 296
554 170 194 296
555 170 194 492
556 170 194 492
557 170 194 0
558 171 194 537
559 171 194 537
560 171 194 518
561 171 194 518
562 171 194 543
563 171 194 543
564 171 194 281
565 171 171 281
566 171 194 82
567 171 194 82
568 171 173 289
569 171 194 289
570 171 194 207
571 171 194 207
572 172 173 514
573 172 173 514
574 172 194 216
575 172 194 216
576 172 194 201
577 172 194 201
578 172 194 234
579 172 194 234
580 172 194 320
581 172 178 320
582 172 194 265
583 172 194 265
584 172 194 169
585 172 194 169
586 172 194 54
587 172 194 54
588 172 194 330
589 172 194 330
590 172 194 542
591 172 194 542
592 172 194 299
593 172 194 299
594 172 194 302
595 172 194 302
596 172 173 0
597 172 194 0
598 173 194 143
599 173 194 143
600 173 194 235
601 173 194 235
602 174 194 572
603 174 194 572
604 174 194 473
605 174 194 473
606 174 194 390
607 174 194 390
608 174 194 493
609 174 194 493
610 174 194 479
611 174 194 479
612 174 194 596
613 174 194 596
614 174 194 176
615 174 194 176
616 174 194 568
617 174 194 568
618 174 194 0
619 174 194 0
620 175 194 278
621 175 194 278
622 175 194 435
623 175 194 435
624 175 194 361
625 175 194 361
626 175 194 459
627 175 176 459
628 175 194 0
629 176 194 427
630 176 177 427
631 176 194 499
632 176 194 499
633 176 194 251
634 176 194 251
635 176 194 345
636 176 194 345
637 176 194 0
638 177 194 407
639 177 194 407
640 177 194 488
641 177 194 488
642 177 194 401
643 177 194 401
644 177 194 94
645 177 194 94
646 177 194 627
647 177 194 627
648 177 194 0
649 178 194 439
650 178 194 439
651 178 194 630
652 178 194 630
653 178 194 0
654 179 194 405
655 179 194 405
656 179 194 581
657 179 194 581
658 179 194 315
659 179 194 315
660 179 182 534
661 179 194 534
662 180 194 311
663 180 194 311
664 180 194 344
665 180 194 344
666 181 194 443
667 181 194 443
668 181 194 79
669 181 194 79
670 181 194 0
671 182 194 495
672 182 194 495
673 182 194 75
674 182 194 75
675 183 194 262
676 183 194 262
677 183 194 466
678 183 194 466
679 183 194 660
680 183 194 660
681 183 194 0
682 185 194 245
683 185 194 245
684 185 194 86
685 185 194 86
686 186 194 300
687 186 194 300
688 186 194 336
689 186 194 336
690 190 194 0
691 192 194 551
692 192 194 551
693 192 194 0
