1 0 0 0
2 0 1 0
3 1 3 0
4 2 2 0
5 3 3 0
6 3 3 0
7 4 5 0
8 4 4 0
9 4 5 0
10 4 5 0
11 5 5 0
12 6 12 0
13 6 6 0
14 6 6 0
15 6 15 0
16 7 10 0
17 7 14 0
18 11 12 0
19 13 14 0
20 13 17 0
21 14 14 0
22 15 17 0
23 15 17 0
24 15 16 0
25 15 17 0
26 16 17 0
27 16 18 0
28 17 17 0
29 18 18 0
30 18 18 0
31 18 18 0
32 18 20 0
33 18 18 0
34 18 18 0
35 18 27 0
36 19 22 0
37 19 26 0
38 19 26 0
39 19 19 0
40 19 27 0
41 19 20 0
42 20 22 0
43 21 22 0
44 21 29 0
45 23 26 0
46 23 26 0
47 23 23 0
48 24 27 0
49 27 27 0
50 27 27 0
51 27 28 0
52 27 27 0
53 27 28 0
54 27 27 0
55 28 30 0
56 28 31 0
57 28 28 0
58 28 28 0
59 28 29 0
60 28 29 0
61 28 28 0
62 28 29 0
63 28 29 0
64 29 29 0
65 29 29 0
66 29 30 0
67 29 29 0
68 29 31 0
69 29 29 0
70 30 30 0
71 30 31 0
72 30 30 0
73 30 31 0
74 30 30 0
75 30 32 0
76 30 30 0
77 30 30 0
78 30 31 0
79 30 30 0
80 31 41 0
81 31 31 0
82 31 31 0
83 31 31 0
84 31 32 0
85 31 46 0
86 31 31 0
87 31 37 0
88 32 42 78
89 32 32 78
90 32 41 0
91 32 40 0
92 32 41 0
93 32 43 0
94 32 42 0
95 32 42 0
96 32 32 0
97 32 53 0
98 33 41 0
99 33 46 0
100 33 42 0
101 33 50 0
102 38 67 0
103 38 109 0
104 41 41 91
105 41 41 91
106 42 62 98
107 42 42 98
108 42 62 0
109 42 43 0
110 42 46 0
111 42 43 0
112 42 43 0
113 42 42 0
114 42 64 0
115 42 66 0
116 43 61 0
117 43 45 0
118 43 43 0
119 43 46 0
120 43 62 0
121 43 62 0
122 43 50 0
123 43 46 0
124 43 49 0
125 44 62 0
126 44 65 0
127 44 46 0
128 44 62 0
129 44 46 0
130 46 63 0
131 47 63 0
132 47 61 0
133 47 66 0
134 47 67 0
135 47 67 0
136 47 61 0
137 47 61 0
138 47 62 0
139 47 61 0
140 50 77 0
141 50 80 0
142 51 64 0
143 51 62 0
144 51 77 0
145 54 62 0
146 62 67 139
147 62 62 139
148 62 65 0
149 62 67 0
150 62 86 0
151 62 62 0
152 62 67 0
153 62 67 0
154 63 66 106
155 63 63 106
156 63 63 0
157 63 82 0
158 63 89 0
159 63 89 0
160 63 87 0
161 63 63 0
162 63 66 0
163 63 88 0
164 63 88 0
165 63 88 0
166 63 68 0
167 63 68 0
168 63 90 0
169 63 66 0
170 63 74 0
171 64 89 156
172 64 89 156
173 64 66 130
174 64 64 130
175 64 64 0
176 64 64 0
177 64 83 0
178 65 90 0
179 65 89 0
180 65 88 0
181 65 65 0
182 65 89 0
183 65 88 0
184 65 89 0
185 66 91 0
186 66 90 0
187 66 68 0
188 66 89 0
189 66 89 0
190 67 88 0
191 67 89 0
192 67 88 0
193 67 92 0
194 67 120 0
195 67 89 0
196 67 70 0
197 67 70 0
198 68 87 0
199 68 92 0
200 68 90 0
201 68 95 0
202 68 69 0
203 68 69 0
204 68 92 0
205 68 91 0
206 68 91 0
207 68 68 0
208 69 109 207
209 69 90 207
210 69 87 0
211 69 77 0
212 69 69 0
213 70 93 0
214 70 70 0
215 70 91 0
216 70 99 0
217 71 87 0
218 71 100 0
219 71 74 0
220 71 80 0
221 75 100 0
222 75 75 0
223 76 90 222
224 76 88 222
225 78 87 0
226 78 89 0
227 78 78 0
228 78 90 0
229 78 93 0
230 79 89 0
231 81 123 220
232 81 95 220
233 81 81 0
234 82 89 0
235 83 90 0
236 84 85 0
237 86 96 0
238 87 87 150
239 87 115 150
240 88 109 198
241 88 93 198
242 88 90 160
243 88 89 160
244 88 88 217
245 88 88 217
246 88 90 0
247 88 116 0
248 88 118 0
249 88 88 0
250 89 89 180
251 89 92 180
252 89 89 163
253 89 89 163
254 89 118 0
255 89 90 0
256 89 91 0
257 89 107 0
258 89 89 0
259 89 90 0
260 89 90 0
261 89 118 0
262 89 119 0
263 89 90 0
264 89 90 0
265 89 89 0
266 90 118 158
267 90 90 158
268 90 90 171
269 90 90 171
270 90 125 179
271 90 90 179
272 90 120 191
273 90 90 191
274 90 90 226
275 90 90 226
276 90 90 0
277 90 124 0
278 90 90 0
279 90 90 0
280 90 118 0
281 90 91 0
282 90 118 0
283 90 90 0
284 90 90 0
285 90 90 0
286 90 123 0
287 90 90 0
288 90 126 0
289 90 90 0
290 90 90 0
291 90 90 0
292 90 90 0
293 90 90 0
294 90 90 0
295 91 95 235
296 91 121 235
297 91 96 246
298 91 106 246
299 91 126 242
300 91 115 242
301 91 119 289
302 91 116 289
303 91 91 264
304 91 112 264
305 91 126 293
306 91 107 293
307 91 122 0
308 91 97 0
309 91 120 0
310 91 119 0
311 91 140 0
312 91 99 0
313 91 100 0
314 91 123 0
315 91 118 0
316 91 118 0
317 91 125 0
318 91 99 0
319 91 123 0
320 91 107 0
321 91 104 0
322 91 91 0
323 91 91 0
324 91 91 0
325 91 121 0
326 91 120 0
327 91 126 0
328 91 126 0
329 91 92 0
330 91 96 0
331 91 114 0
332 91 100 0
333 91 126 0
334 91 106 0
335 91 107 0
336 91 111 0
337 91 125 0
338 91 110 0
339 92 120 256
340 92 123 256
341 92 132 205
342 92 120 205
343 92 149 215
344 92 117 215
345 92 92 0
346 92 130 0
347 92 126 0
348 92 111 0
349 92 120 0
350 92 95 0
351 92 149 0
352 93 123 251
353 93 120 251
354 93 97 0
355 93 119 0
356 93 119 0
357 93 141 0
358 93 131 0
359 93 93 0
360 93 121 0
361 93 93 0
362 94 111 0
363 94 101 0
364 94 95 0
365 94 119 0
366 94 121 0
367 94 115 0
368 96 121 295
369 96 96 295
370 96 131 364
371 96 120 364
372 96 145 232
373 96 170 232
374 96 126 0
375 96 121 0
376 96 96 0
377 97 119 0
378 97 117 0
379 97 121 0
380 97 118 0
381 97 117 0
382 97 171 0
383 98 104 0
384 98 115 0
385 100 119 0
386 100 123 0
387 100 100 0
388 100 118 0
389 101 117 0
390 101 119 0
391 101 111 0
392 101 118 0
393 101 141 0
394 101 120 0
395 101 122 0
396 102 124 0
397 105 119 0
398 105 126 0
399 106 106 0
400 107 119 0
401 107 110 0
402 107 120 0
403 108 108 335
404 108 152 335
405 108 121 0
406 108 120 0
407 108 126 0
408 109 113 0
409 110 121 103
410 110 141 103
411 110 117 0
412 110 149 0
413 110 125 0
414 111 126 0
415 111 153 0
416 111 121 0
417 112 117 0
418 112 120 0
419 112 121 0
420 112 112 0
421 113 146 420
422 113 113 420
423 113 125 0
424 114 120 0
425 114 156 0
426 115 116 0
427 116 151 300
428 116 119 300
429 116 119 0
430 116 119 0
431 116 121 0
432 116 116 0
433 116 116 0
434 117 125 302
435 117 189 302
436 117 120 432
437 117 163 432
438 117 120 0
439 117 142 0
440 117 162 0
441 118 118 389
442 118 119 389
443 118 119 381
444 118 163 381
445 118 144 0
446 118 154 0
447 118 157 0
448 118 121 0
449 118 128 0
450 119 139 248
451 119 142 248
452 119 155 280
453 119 121 280
454 119 126 261
455 119 121 261
456 119 160 380
457 119 129 380
458 119 158 0
459 119 123 0
460 119 119 0
461 119 121 0
462 119 120 0
463 119 157 0
464 119 120 0
465 119 121 0
466 119 126 0
467 120 120 385
468 120 120 385
469 120 120 460
470 120 155 460
471 120 136 356
472 120 124 356
473 120 120 301
474 120 152 301
475 120 125 443
476 120 149 443
477 120 120 0
478 120 121 0
479 120 124 0
480 120 156 0
481 120 153 0
482 120 164 0
483 120 122 0
484 120 123 0
485 120 142 0
486 120 151 0
487 120 120 0
488 120 125 0
489 120 120 0
490 120 120 0
491 120 156 0
492 121 158 309
493 121 133 309
494 121 161 353
495 121 128 353
496 121 121 406
497 121 123 406
498 121 123 272
499 121 121 272
500 121 127 326
501 121 166 326
502 121 157 473
503 121 152 473
504 121 121 394
505 121 156 394
506 121 139 436
507 121 159 436
508 121 147 0
509 121 148 0
510 121 169 0
511 121 150 0
512 121 153 0
513 121 123 0
514 121 121 0
515 121 122 0
516 121 121 0
517 121 161 0
518 121 124 0
519 121 125 0
520 121 129 0
521 121 121 0
522 121 121 0
523 121 125 0
524 121 128 0
525 121 140 0
526 122 123 478
527 122 140 478
528 122 126 405
529 122 158 405
530 122 122 465
531 122 158 465
532 122 140 0
533 122 122 0
534 122 158 0
535 122 144 0
536 122 125 0
537 122 166 0
538 122 161 0
539 122 126 0
540 122 135 0
541 122 122 0
542 122 189 0
543 122 123 0
544 122 161 0
545 122 126 0
546 122 128 0
547 122 159 0
548 122 126 0
549 122 126 0
550 122 151 0
551 122 122 0
552 122 124 0
553 122 122 0
554 122 143 0
555 122 124 0
556 122 129 0
557 122 122 0
558 123 163 307
559 123 123 307
560 123 151 533
561 123 148 533
562 123 156 483
563 123 142 483
564 123 130 0
565 123 158 0
566 123 151 0
567 123 123 0
568 123 123 0
569 123 133 0
570 123 136 0
571 123 125 0
572 123 125 0
573 124 159 459
574 124 125 459
575 124 145 386
576 124 171 386
577 124 147 0
578 124 157 0
579 124 125 0
580 124 139 0
581 124 152 0
582 124 124 0
583 124 125 0
584 124 148 0
585 124 124 0
586 124 124 0
587 124 166 0
588 124 125 0
589 124 164 0
590 124 157 0
591 124 155 0
592 124 125 0
593 124 126 0
594 124 131 0
595 125 163 479
596 125 125 479
597 125 125 277
598 125 164 277
599 125 125 396
600 125 162 396
601 125 164 552
602 125 158 552
603 125 142 555
604 125 125 555
605 125 162 0
606 125 172 0
607 125 125 0
608 125 125 0
609 125 125 0
610 125 131 0
611 125 125 0
612 126 165 596
613 126 135 596
614 126 127 536
615 126 127 536
616 126 171 317
617 126 165 317
618 126 156 611
619 126 163 611
620 126 154 588
621 126 159 588
622 126 142 475
623 126 150 475
624 126 126 337
625 126 131 337
626 126 153 0
627 126 164 0
628 126 189 0
629 126 126 0
630 126 126 0
631 126 163 0
632 126 146 0
633 126 160 0
634 126 164 0
635 126 161 0
636 126 151 0
637 126 166 0
638 126 132 0
639 126 127 0
640 126 139 0
641 126 158 0
642 126 154 0
643 126 146 0
644 127 161 629
645 127 161 629
646 127 169 630
647 127 166 630
648 127 152 305
649 127 171 305
650 127 152 528
651 127 151 528
652 127 157 398
653 127 152 398
654 127 162 327
655 127 127 327
656 127 149 0
657 127 164 0
658 127 173 0
659 127 169 0
660 127 161 0
661 127 172 0
662 127 170 0
663 127 152 0
664 127 127 0
665 127 155 0
666 127 159 0
667 127 133 0
668 127 134 0
669 127 154 0
670 127 130 0
671 127 133 0
672 127 156 0
673 128 158 664
674 128 172 664
675 128 160 639
676 128 157 639
677 128 145 614
678 128 149 614
679 128 130 0
680 128 161 0
681 128 174 0
682 129 129 449
683 129 129 449
684 129 161 0
685 129 161 0
686 129 189 0
687 130 132 0
688 130 165 0
689 130 151 0
690 130 164 0
691 130 180 0
692 130 146 0
693 131 166 346
694 131 170 346
695 131 161 0
696 131 164 0
697 131 132 0
698 132 172 358
699 132 171 358
700 132 159 370
701 132 171 370
702 132 157 625
703 132 132 625
704 132 152 0
705 133 133 0
706 133 163 0
707 133 133 0
708 133 184 0
709 133 142 0
710 133 172 0
711 134 160 667
712 134 189 667
713 134 156 0
714 134 157 0
715 134 171 0
716 134 142 0
717 134 136 0
718 134 165 0
719 135 139 0
720 136 136 0
721 136 136 0
722 136 155 0
723 137 142 720
724 137 174 720
725 137 143 570
726 137 156 570
727 137 166 717
728 137 189 717
729 137 163 0
730 140 144 0
731 140 142 0
732 140 142 0
733 140 145 0
734 140 166 0
735 141 149 0
736 141 141 0
737 141 159 0
738 142 142 357
739 142 142 357
740 142 143 0
741 142 189 0
742 143 158 451
743 143 146 451
744 143 162 738
745 143 180 738
746 143 148 0
747 143 158 0
748 143 157 0
749 143 153 0
750 143 146 0
751 143 189 0
752 143 151 0
753 143 150 0
754 143 143 0
755 143 162 0
756 144 150 754
757 144 144 754
758 144 169 0
759 144 147 0
760 144 146 0
761 145 157 0
762 145 157 0
763 145 147 0
764 145 155 0
765 146 149 0
766 146 155 0
767 146 156 0
768 146 170 0
769 146 161 0
770 147 149 0
771 147 161 0
772 147 160 0
773 147 147 0
774 147 157 0
775 147 150 0
776 147 148 0
777 148 189 773
778 148 161 773
779 148 153 0
780 148 153 0
781 148 152 0
782 148 184 0
783 149 158 0
784 149 162 0
785 149 154 0
786 149 165 0
787 149 149 0
788 149 155 0
789 150 150 351
790 150 150 351
791 150 156 0
792 150 161 0
793 150 152 0
794 150 150 0
795 150 172 0
796 150 189 0
797 150 154 0
798 150 189 0
799 150 189 0
800 151 154 794
801 151 155 794
802 151 155 623
803 151 160 623
804 151 160 0
805 151 151 0
806 151 155 0
807 151 152 0
808 151 189 0
809 151 189 0
810 151 151 0
811 152 152 427
812 152 161 427
813 152 165 636
814 152 165 636
815 152 155 752
816 152 152 752
817 152 153 0
818 152 189 0
819 152 165 0
820 152 154 0
821 152 153 0
822 152 188 0
823 152 189 0
824 152 189 0
825 153 187 793
826 153 161 793
827 153 161 650
828 153 153 650
829 153 174 663
830 153 189 663
831 153 162 474
832 153 189 474
833 153 189 0
834 153 189 0
835 153 157 0
836 153 153 0
837 153 160 0
838 153 174 0
839 153 153 0
840 153 163 0
841 153 160 0
842 153 189 0
843 153 189 0
844 154 179 780
845 154 177 780
846 154 154 749
847 154 154 749
848 154 164 0
849 154 156 0
850 154 154 0
851 154 154 0
852 154 189 0
853 154 157 0
854 154 160 0
855 154 189 0
856 154 154 0
857 154 163 0
858 154 189 0
859 154 165 0
860 155 156 850
861 155 155 850
862 155 160 785
863 155 161 785
864 155 155 446
865 155 155 446
866 155 155 620
867 155 164 620
868 155 155 797
869 155 155 797
870 155 155 669
871 155 189 669
872 155 158 0
873 155 156 0
874 155 155 0
875 155 157 0
876 155 189 0
877 155 155 0
878 155 186 0
879 156 156 864
880 156 189 864
881 156 189 452
882 156 189 452
883 156 189 722
884 156 189 722
885 156 168 865
886 156 156 865
887 156 189 764
888 156 157 764
889 156 189 877
890 156 156 877
891 156 157 0
892 156 157 0
893 156 179 0
894 156 156 0
895 156 157 0
896 156 160 0
897 156 156 0
898 156 158 0
899 156 182 0
900 156 157 0
901 156 156 0
902 156 163 0
903 156 189 0
904 156 189 0
905 156 189 0
906 156 161 0
907 157 157 713
908 157 158 713
909 157 189 480
910 157 158 480
911 157 157 562
912 157 158 562
913 157 159 873
914 157 160 873
915 157 157 491
916 157 189 491
917 157 158 0
918 157 189 0
919 157 157 0
920 157 157 0
921 157 189 0
922 157 163 0
923 157 158 0
924 157 174 0
925 157 157 0
926 157 158 0
927 157 189 0
928 157 166 0
929 157 157 0
930 157 182 0
931 157 189 0
932 158 159 892
933 158 189 892
934 158 166 761
935 158 158 761
936 158 185 447
937 158 160 447
938 158 158 652
939 158 163 652
940 158 160 900
941 158 162 900
942 158 158 929
943 158 189 929
944 158 158 774
945 158 189 774
946 158 159 0
947 158 159 0
948 158 187 0
949 158 189 0
950 158 189 0
951 158 159 0
952 158 161 0
953 158 158 0
954 158 158 0
955 158 160 0
956 158 159 0
957 158 189 0
958 158 158 0
959 158 158 0
960 158 162 0
961 158 158 0
962 158 161 0
963 158 164 0
964 158 189 0
965 158 189 0
966 158 161 0
967 159 159 783
968 159 159 783
969 159 160 458
970 159 160 458
971 159 189 872
972 159 186 872
973 159 162 747
974 159 189 747
975 159 163 742
976 159 161 742
977 159 189 529
978 159 165 529
979 159 173 898
980 159 185 898
981 159 159 944
982 159 159 944
983 159 163 0
984 159 163 0
985 159 189 0
986 159 160 0
987 159 188 0
988 159 160 0
989 159 189 0
990 159 189 0
991 159 159 0
992 159 159 0
993 159 162 0
994 159 159 0
995 159 163 0
996 159 189 0
997 159 161 0
998 159 174 0
999 159 189 0
1000 159 189 0
1001 159 159 0
1002 159 159 0
1003 159 189 0
1004 160 160 947
1005 160 161 947
1006 160 189 573
1007 160 189 573
1008 160 189 992
1009 160 188 992
1010 160 161 994
1011 160 161 994
1012 160 189 666
1013 160 189 666
1014 160 161 700
1015 160 189 700
1016 160 163 0
1017 160 168 0
1018 160 171 0
1019 160 185 0
1020 160 189 0
1021 160 161 0
1022 160 189 0
1023 160 161 0
1024 160 189 0
1025 160 179 0
1026 160 160 0
1027 160 189 0
1028 160 161 0
1029 160 161 0
1030 160 166 0
1031 160 176 0
1032 160 160 0
1033 160 160 0
1034 161 189 1004
1035 161 161 1004
1036 161 172 862
1037 161 166 862
1038 161 168 937
1039 161 189 937
1040 161 189 456
1041 161 189 456
1042 161 161 804
1043 161 161 804
1044 161 185 896
1045 161 162 896
1046 161 185 940
1047 161 165 940
1048 161 163 1032
1049 161 161 1032
1050 161 167 0
1051 161 161 0
1052 161 189 0
1053 161 186 0
1054 161 161 0
1055 161 189 0
1056 161 187 0
1057 161 189 0
1058 161 165 0
1059 161 161 0
1060 161 173 0
1061 161 177 0
1062 161 162 0
1063 161 189 0
1064 161 189 0
1065 162 189 1021
1066 162 162 1021
1067 162 180 1023
1068 162 189 1023
1069 162 175 826
1070 162 175 826
1071 162 189 1054
1072 162 165 1054
1073 162 167 645
1074 162 164 645
1075 162 162 494
1076 162 167 494
1077 162 162 684
1078 162 162 684
1079 162 162 695
1080 162 189 695
1081 162 189 827
1082 162 189 827
1083 162 164 685
1084 162 165 685
1085 162 189 680
1086 162 163 680
1087 162 163 997
1088 162 189 997
1089 162 189 635
1090 162 189 635
1091 162 162 1029
1092 162 163 1029
1093 162 172 966
1094 162 162 966
1095 162 178 0
1096 162 166 0
1097 162 189 0
1098 162 189 0
1099 162 189 0
1100 162 189 0
1101 162 163 0
1102 162 189 0
1103 162 166 0
1104 162 189 0
1105 162 162 0
1106 162 189 0
1107 162 189 0
1108 162 171 0
1109 162 165 0
1110 162 163 0
1111 162 167 0
1112 162 164 0
1113 162 189 0
1114 162 162 0
1115 162 162 0
1116 162 162 0
1117 162 189 0
1118 162 172 0
1119 162 189 0
1120 162 189 0
1121 162 189 0
1122 163 189 784
1123 163 189 784
1124 163 180 1075
1125 163 189 1075
1126 163 189 1077
1127 163 189 1077
1128 163 189 960
1129 163 189 960
1130 163 163 831
1131 163 163 831
1132 163 189 1045
1133 163 189 1045
1134 163 179 941
1135 163 163 941
1136 163 165 0
1137 163 189 0
1138 163 189 0
1139 163 189 0
1140 163 189 0
1141 163 163 0
1142 163 163 0
1143 163 189 0
1144 163 163 0
1145 163 171 0
1146 163 189 0
1147 163 163 0
1148 163 163 0
1149 163 173 0
1150 163 180 0
1151 163 171 0
1152 164 165 983
1153 164 189 983
1154 164 184 1016
1155 164 179 1016
1156 164 189 631
1157 164 168 631
1158 164 164 595
1159 164 168 595
1160 164 164 995
1161 164 165 995
1162 164 164 1141
1163 164 166 1141
1164 164 165 922
1165 164 165 922
1166 164 171 1147
1167 164 189 1147
1168 164 171 706
1169 164 172 706
1170 164 172 1048
1171 164 189 1048
1172 164 189 0
1173 164 169 0
1174 164 165 0
1175 164 179 0
1176 164 168 0
1177 164 189 0
1178 164 189 0
1179 164 180 0
1180 164 189 0
1181 164 189 0
1182 164 189 0
1183 164 171 0
1184 164 189 0
1185 164 189 0
1186 164 189 0
1187 164 189 0
1188 164 166 0
1189 164 189 0
1190 164 176 0
1191 164 189 0
1192 164 189 0
1193 164 171 0
1194 165 189 848
1195 165 189 848
1196 165 165 598
1197 165 189 598
1198 165 189 627
1199 165 165 627
1200 165 189 657
1201 165 167 657
1202 165 168 634
1203 165 189 634
1204 165 170 696
1205 165 168 696
1206 165 189 589
1207 165 189 589
1208 165 165 601
1209 165 165 601
1210 165 172 0
1211 165 168 0
1212 165 189 0
1213 165 178 0
1214 165 189 0
1215 165 189 0
1216 165 189 0
1217 165 189 0
1218 165 175 0
1219 165 168 0
1220 165 169 0
1221 166 189 1199
1222 166 187 1199
1223 166 189 1174
1224 166 189 1174
1225 166 189 617
1226 166 189 617
1227 166 189 786
1228 166 189 786
1229 166 189 1109
1230 166 189 1109
1231 166 189 1165
1232 166 189 1165
1233 166 181 0
1234 166 184 0
1235 166 189 0
1236 166 167 0
1237 166 174 0
1238 166 189 0
1239 166 189 0
1240 166 189 0
1241 166 189 0
1242 166 189 0
1243 166 166 0
1244 166 189 0
1245 166 167 0
1246 166 166 0
1247 166 189 0
1248 166 189 0
1249 166 189 0
1250 166 167 0
1251 166 172 0
1252 166 189 0
1253 166 166 0
1254 167 167 934
1255 167 183 934
1256 167 189 647
1257 167 189 647
1258 167 189 693
1259 167 189 693
1260 167 189 587
1261 167 181 587
1262 167 168 501
1263 167 189 501
1264 167 189 1246
1265 167 189 1246
1266 167 189 928
1267 167 171 928
1268 167 189 734
1269 167 189 734
1270 167 167 0
1271 167 175 0
1272 167 167 0
1273 167 189 0
1274 167 189 0
1275 167 168 0
1276 167 171 0
1277 167 167 0
1278 167 189 0
1279 167 182 0
1280 167 189 0
1281 168 189 1270
1282 168 168 1270
1283 168 189 1073
1284 168 189 1073
1285 168 168 1076
1286 168 189 1076
1287 168 189 1272
1288 168 189 1272
1289 168 172 1250
1290 168 169 1250
1291 168 179 0
1292 168 189 0
1293 168 168 0
1294 168 189 0
1295 168 182 0
1296 168 189 0
1297 168 175 0
1298 169 170 1211
1299 169 189 1211
1300 169 170 1157
1301 169 189 1157
1302 169 185 885
1303 169 189 885
1304 169 189 0
1305 169 189 0
1306 169 189 0
1307 169 189 0
1308 169 185 0
1309 169 189 0
1310 169 189 0
1311 169 189 0
1312 169 189 0
1313 169 189 0
1314 169 189 0
1315 169 189 0
1316 170 174 1173
1317 170 177 1173
1318 170 171 659
1319 170 189 659
1320 170 189 646
1321 170 189 646
1322 170 178 1220
1323 170 189 1220
1324 170 189 0
1325 170 189 0
1326 170 172 0
1327 171 189 694
1328 171 189 694
1329 171 175 373
1330 171 189 373
1331 171 189 0
1332 171 189 0
1333 171 189 0
1334 171 189 0
1335 171 189 0
1336 171 189 0
1337 172 189 616
1338 172 189 616
1339 172 189 649
1340 172 172 649
1341 172 189 1108
1342 172 173 1108
1343 172 172 699
1344 172 189 699
1345 172 189 715
1346 172 189 715
1347 172 189 382
1348 172 172 382
1349 172 189 0
1350 172 189 0
1351 172 189 0
1352 172 189 0
1353 172 189 0
1354 172 172 0
1355 172 189 0
1356 172 174 0
1357 172 189 0
1358 172 189 0
1359 172 189 0
1360 172 172 0
1361 172 174 0
1362 173 189 795
1363 173 189 795
1364 173 189 606
1365 173 189 606
1366 173 189 1326
1367 173 189 1326
1368 173 173 661
1369 173 189 661
1370 173 189 698
1371 173 189 698
1372 173 189 1354
1373 173 173 1354
1374 173 189 1348
1375 173 189 1348
1376 173 189 1251
1377 173 189 1251
1378 173 174 0
1379 173 174 0
1380 173 189 0
1381 173 189 0
1382 173 174 0
1383 173 189 0
1384 173 176 0
1385 173 181 0
1386 173 174 0
1387 173 176 0
1388 173 189 0
1389 174 189 1342
1390 174 186 1342
1391 174 189 1060
1392 174 174 1060
1393 174 189 0
1394 174 189 0
1395 174 189 0
1396 174 189 0
1397 174 176 0
1398 175 184 1316
1399 175 189 1316
1400 175 185 1378
1401 175 175 1378
1402 175 175 838
1403 175 189 838
1404 175 189 1382
1405 175 175 1382
1406 175 189 924
1407 175 189 924
1408 175 189 1386
1409 175 189 1386
1410 175 189 0
1411 175 189 0
1412 175 178 0
1413 175 175 0
1414 175 175 0
1415 175 175 0
1416 175 189 0
1417 175 189 0
1418 175 189 0
1419 175 189 0
1420 176 180 0
1421 176 185 0
1422 176 178 0
1423 176 176 0
1424 176 189 0
1425 176 189 0
1426 176 189 0
1427 176 189 0
1428 176 189 0
1429 176 189 0
1430 176 189 0
1431 176 189 0
1432 176 189 0
1433 176 189 0
1434 177 185 1031
1435 177 177 1031
1436 177 189 1387
1437 177 189 1387
1438 177 178 0
1439 177 189 0
1440 177 189 0
1441 177 189 0
1442 178 181 0
1443 178 189 0
1444 178 179 0
1445 178 189 0
1446 179 179 0
1447 179 185 0
1448 179 179 0
1449 179 180 0
1450 179 189 0
1451 179 189 0
1452 180 183 0
1453 180 189 0
1454 180 189 0
1455 180 189 0
1456 180 189 0
1457 180 186 0
1458 180 189 0
1459 180 189 0
1460 180 185 0
1461 180 185 0
1462 181 189 745
1463 181 189 745
1464 181 189 691
1465 181 189 691
1466 181 189 0
1467 181 184 0
1468 181 189 0
1469 181 189 0
1470 181 183 0
1471 181 184 0
1472 182 189 0
1473 182 189 0
1474 182 189 0
1475 182 189 0
1476 183 189 0
1477 183 186 0
1478 183 189 0
1479 183 189 0
1480 183 189 0
1481 184 189 1470
1482 184 189 1470
1483 184 189 0
1484 184 189 0
1485 185 189 708
1486 185 189 708
1487 185 185 1471
1488 185 185 1471
1489 185 189 0
1490 185 189 0
1491 185 189 0
1492 185 189 0
1493 185 186 0
1494 186 189 1019
1495 186 189 1019
1496 186 186 0
1497 186 189 0
1498 186 188 0
1499 186 189 0
1500 186 186 0
1501 186 189 0
1502 186 189 0
1503 186 189 0
1504 186 189 0
1505 186 189 0
1506 186 186 0
1507 186 189 0
1508 186 189 0
1509 186 189 0
1510 187 189 1493
1511 187 189 1493
1512 187 189 0
1513 187 189 0
1514 187 189 0
1515 187 189 0
1516 187 189 0
1517 187 189 0
1518 187 189 0
1519 187 189 0
1520 187 189 0
1521 188 189 0
1522 188 189 0
1523 188 189 0
1524 188 189 0
1525 189 189 822
1526 189 189 822
1527 189 189 0
1528 189 189 0
1529 189 189 0
