1 0 0 0
2 0 4 0
3 0 1 0
4 0 3 0
5 0 3 0
6 1 1 0
7 2 3 0
8 3 3 0
9 4 7 7
10 4 16 7
11 4 17 0
12 4 4 0
13 4 4 0
14 4 4 0
15 5 8 0
16 5 12 0
17 5 5 0
18 6 6 0
19 6 6 0
20 6 6 0
21 7 12 19
22 7 10 19
23 8 16 0
24 9 10 0
25 10 10 0
26 10 10 0
27 10 10 0
28 10 10 0
29 10 10 0
30 11 12 0
31 11 11 0
32 11 21 0
33 12 13 0
34 12 12 0
35 12 12 0
36 12 12 0
37 12 12 0
38 13 14 0
39 13 16 0
40 13 13 0
41 13 34 0
42 13 13 0
43 13 24 0
44 14 26 0
45 17 17 0
46 17 17 0
47 17 17 0
48 17 17 0
49 17 17 0
50 18 18 45
51 18 18 45
52 18 34 0
53 18 18 0
54 18 34 0
55 18 18 0
56 18 28 0
57 18 18 0
58 18 34 0
59 19 19 0
60 19 19 0
61 19 33 0
62 19 19 0
63 19 34 0
64 19 23 0
65 20 33 0
66 20 20 0
67 22 22 0
68 23 23 0
69 23 23 0
70 24 28 0
71 24 25 0
72 24 25 0
73 24 32 0
74 25 35 0
75 25 26 0
76 25 25 0
77 26 26 0
78 26 52 0
79 26 42 0
80 27 28 0
81 28 34 0
82 29 50 80
83 29 49 80
84 29 29 0
85 29 34 0
86 32 42 0
87 33 33 0
88 34 34 0
89 34 34 0
90 34 34 0
91 34 34 0
92 35 35 41
93 35 37 41
94 35 35 81
95 35 35 81
96 35 36 90
97 35 36 90
98 35 42 0
99 35 57 0
100 35 58 0
101 35 57 0
102 35 35 0
103 35 35 0
104 35 35 0
105 35 35 0
106 35 54 0
107 35 57 0
108 35 57 0
109 35 35 0
110 35 58 0
111 35 59 0
112 35 58 0
113 35 55 0
114 36 36 102
115 36 36 102
116 36 61 74
117 36 36 74
118 36 59 0
119 36 36 0
120 36 36 0
121 36 36 0
122 36 57 0
123 37 37 0
124 37 57 0
125 37 58 0
126 37 37 0
127 37 37 0
128 37 37 0
129 37 56 0
130 38 48 0
131 38 38 0
132 38 38 0
133 38 38 0
134 39 39 0
135 39 51 0
136 41 41 0
137 42 42 0
138 42 42 0
139 43 58 0
140 43 43 0
141 43 43 0
142 43 43 0
143 43 44 0
144 43 43 0
145 44 44 0
146 44 44 0
147 44 44 0
148 45 59 0
149 45 69 0
150 45 67 0
151 45 63 0
152 45 45 0
153 46 47 0
154 47 47 0
155 49 65 0
156 49 49 0
157 50 51 0
158 50 50 0
159 50 50 0
160 51 51 0
161 51 51 0
162 51 51 0
163 51 51 0
164 52 52 162
165 52 52 162
166 52 52 160
167 52 52 160
168 52 71 0
169 52 52 0
170 52 81 0
171 52 52 0
172 52 84 0
173 53 53 165
174 53 53 165
175 53 77 0
176 53 60 0
177 53 53 0
178 54 70 0
179 54 54 0
180 54 54 0
181 55 55 0
182 55 55 0
183 55 55 0
184 55 59 0
185 55 55 0
186 56 56 0
187 56 56 0
188 56 56 0
189 56 57 0
190 57 57 0
191 57 57 0
192 57 57 0
193 57 58 0
194 58 70 189
195 58 65 189
196 58 58 108
197 58 58 108
198 58 58 0
199 58 59 0
200 58 58 0
201 58 59 0
202 58 58 0
203 58 58 0
204 58 58 0
205 58 58 0
206 58 58 0
207 58 58 0
208 59 62 193
209 59 59 193
210 59 59 204
211 59 86 204
212 59 84 198
213 59 60 198
214 59 80 0
215 59 64 0
216 59 59 0
217 59 82 0
218 59 60 0
219 59 66 0
220 59 59 0
221 59 84 0
222 59 85 0
223 59 59 0
224 59 59 0
225 59 59 0
226 59 59 0
227 59 85 0
228 59 59 0
229 59 59 0
230 59 59 0
231 59 59 0
232 59 59 0
233 59 59 0
234 60 60 220
235 60 60 220
236 60 83 0
237 60 63 0
238 60 70 0
239 60 86 0
240 60 84 0
241 60 62 0
242 60 74 0
243 60 85 0
244 60 60 0
245 60 74 0
246 60 85 0
247 60 73 0
248 60 61 0
249 60 86 0
250 60 86 0
251 60 86 0
252 60 69 0
253 60 69 0
254 60 85 0
255 61 61 0
256 61 86 0
257 61 61 0
258 61 64 0
259 61 87 0
260 61 61 0
261 61 61 0
262 61 61 0
263 61 61 0
264 61 61 0
265 61 61 0
266 62 62 0
267 62 62 0
268 62 64 0
269 62 62 0
270 62 62 0
271 62 63 0
272 62 62 0
273 62 85 0
274 62 83 0
275 62 63 0
276 62 66 0
277 63 63 0
278 63 63 0
279 63 63 0
280 63 63 0
281 63 85 0
282 63 63 0
283 64 81 271
284 64 64 271
285 64 89 0
286 64 64 0
287 64 64 0
288 64 64 0
289 64 65 0
290 64 67 0
291 64 64 0
292 65 65 0
293 65 78 0
294 65 65 0
295 65 65 0
296 65 65 0
297 65 65 0
298 66 67 155
299 66 66 155
300 66 84 0
301 66 85 0
302 66 66 0
303 66 70 0
304 66 86 0
305 66 85 0
306 66 66 0
307 67 67 0
308 67 71 0
309 67 67 0
310 67 67 0
311 67 83 0
312 68 106 0
313 68 68 0
314 68 96 0
315 68 68 0
316 68 83 0
317 68 68 0
318 68 68 0
319 68 68 0
320 69 69 0
321 69 69 0
322 69 70 0
323 69 70 0
324 70 70 0
325 70 70 0
326 70 70 0
327 70 71 0
328 70 87 0
329 70 86 0
330 70 70 0
331 70 70 0
332 70 70 0
333 70 70 0
334 70 70 0
335 70 100 0
336 71 84 333
337 71 71 333
338 71 71 0
339 71 71 0
340 71 80 0
341 71 71 0
342 71 71 0
343 71 71 0
344 71 71 0
345 71 71 0
346 71 107 0
347 71 71 0
348 71 71 0
349 71 75 0
350 71 91 0
351 71 71 0
352 72 79 0
353 72 88 0
354 72 72 0
355 72 72 0
356 72 72 0
357 72 72 0
358 72 84 0
359 72 78 0
360 73 73 0
361 73 85 0
362 73 73 0
363 74 74 0
364 74 74 0
365 74 74 0
366 74 74 0
367 74 79 0
368 74 83 0
369 74 74 0
370 74 74 0
371 75 75 0
372 75 75 0
373 75 75 0
374 75 75 0
375 76 76 0
376 76 76 0
377 76 87 0
378 76 76 0
379 76 84 0
380 77 77 0
381 78 78 0
382 78 78 0
383 78 78 0
384 78 78 0
385 79 79 0
386 79 79 0
387 79 79 0
388 79 88 0
389 79 79 0
390 79 86 0
391 79 79 0
392 80 80 0
393 80 80 0
394 80 80 0
395 80 84 0
396 80 110 0
397 80 80 0
398 80 80 0
399 80 117 0
400 80 88 0
401 81 85 0
402 81 81 0
403 81 84 0
404 81 102 0
405 81 81 0
406 82 112 170
407 82 82 170
408 82 82 0
409 82 86 0
410 82 82 0
411 82 82 0
412 82 83 0
413 82 82 0
414 82 82 0
415 83 129 0
416 83 83 0
417 83 83 0
418 83 83 0
419 83 83 0
420 84 84 0
421 84 117 0
422 84 86 0
423 84 84 0
424 84 84 0
425 84 84 0
426 84 84 0
427 84 84 0
428 84 84 0
429 84 84 0
430 84 84 0
431 84 85 0
432 84 84 0
433 84 84 0
434 84 84 0
435 84 84 0
436 84 96 0
437 84 84 0
438 85 85 212
439 85 86 212
440 85 85 0
441 85 88 0
442 85 85 0
443 85 85 0
444 85 117 0
445 85 85 0
446 85 85 0
447 85 85 0
448 85 85 0
449 85 112 0
450 85 85 0
451 85 100 0
452 85 101 0
453 85 85 0
454 85 85 0
455 85 97 0
456 85 98 0
457 85 85 0
458 85 88 0
459 85 86 0
460 85 85 0
461 86 117 361
462 86 89 361
463 86 86 222
464 86 115 222
465 86 86 254
466 86 86 254
467 86 86 301
468 86 95 301
469 86 86 0
470 86 88 0
471 86 120 0
472 86 86 0
473 86 86 0
474 86 123 0
475 86 86 0
476 86 118 0
477 86 87 0
478 86 86 0
479 86 86 0
480 86 86 0
481 86 86 0
482 86 86 0
483 86 87 0
484 86 86 0
485 86 110 0
486 86 86 0
487 86 86 0
488 86 112 0
489 86 86 0
490 86 86 0
491 86 86 0
492 86 86 0
493 86 86 0
494 86 108 0
495 86 115 0
496 86 86 0
497 86 86 0
498 86 97 0
499 86 86 0
500 86 86 0
501 86 103 0
502 86 98 0
503 86 87 0
504 86 86 0
505 86 119 0
506 87 108 482
507 87 92 482
508 87 88 250
509 87 87 250
510 87 122 493
511 87 87 493
512 87 87 490
513 87 120 490
514 87 120 251
515 87 114 251
516 87 87 390
517 87 87 390
518 87 87 463
519 87 87 463
520 87 87 0
521 87 87 0
522 87 97 0
523 87 116 0
524 87 87 0
525 87 123 0
526 87 114 0
527 87 87 0
528 87 87 0
529 87 87 0
530 87 87 0
531 87 87 0
532 87 119 0
533 87 87 0
534 87 88 0
535 87 96 0
536 87 87 0
537 87 87 0
538 87 94 0
539 87 87 0
540 87 87 0
541 87 87 0
542 87 95 0
543 87 87 0
544 87 115 0
545 87 87 0
546 87 87 0
547 87 87 0
548 87 107 0
549 87 87 0
550 87 87 0
551 87 112 0
552 87 88 0
553 87 87 0
554 87 89 0
555 88 97 259
556 88 106 259
557 88 96 528
558 88 89 528
559 88 102 537
560 88 92 537
561 88 106 530
562 88 113 530
563 88 92 0
564 88 88 0
565 88 113 0
566 88 103 0
567 88 88 0
568 88 88 0
569 88 88 0
570 88 115 0
571 88 112 0
572 88 110 0
573 88 88 0
574 88 95 0
575 88 104 0
576 88 94 0
577 88 105 0
578 88 99 0
579 88 90 0
580 89 114 353
581 89 114 353
582 89 89 552
583 89 89 552
584 89 117 0
585 89 102 0
586 89 89 0
587 89 89 0
588 89 109 0
589 89 90 0
590 89 122 0
591 89 105 0
592 89 96 0
593 89 89 0
594 89 108 0
595 89 104 0
596 89 117 0
597 89 89 0
598 89 89 0
599 89 89 0
600 89 89 0
601 89 89 0
602 90 120 285
603 90 113 285
604 90 90 0
605 90 119 0
606 90 90 0
607 90 90 0
608 90 90 0
609 90 94 0
610 90 96 0
611 90 90 0
612 91 91 0
613 91 91 0
614 91 95 0
615 91 91 0
616 91 109 0
617 91 91 0
618 91 91 0
619 91 91 0
620 91 97 0
621 91 91 0
622 91 91 0
623 91 111 0
624 92 95 0
625 92 100 0
626 92 92 0
627 92 92 0
628 92 92 0
629 93 93 0
630 93 119 0
631 93 93 0
632 93 93 0
633 93 93 0
634 93 93 0
635 93 93 0
636 93 93 0
637 94 94 0
638 94 123 0
639 94 94 0
640 94 94 0
641 94 110 0
642 94 94 0
643 95 95 0
644 95 95 0
645 95 95 0
646 95 105 0
647 95 95 0
648 95 95 0
649 95 95 0
650 95 96 0
651 95 95 0
652 95 98 0
653 95 96 0
654 96 96 0
655 96 96 0
656 96 96 0
657 96 96 0
658 96 101 0
659 96 96 0
660 96 96 0
661 96 96 0
662 96 96 0
663 96 103 0
664 96 97 0
665 96 96 0
666 96 101 0
667 97 112 436
668 97 128 436
669 97 126 314
670 97 120 314
671 97 97 0
672 97 97 0
673 97 97 0
674 97 112 0
675 97 97 0
676 97 97 0
677 97 121 0
678 97 97 0
679 97 103 0
680 97 97 0
681 97 97 0
682 97 97 0
683 97 97 0
684 98 99 620
685 98 98 620
686 98 102 0
687 98 98 0
688 98 98 0
689 98 117 0
690 98 113 0
691 98 98 0
692 98 98 0
693 98 98 0
694 98 98 0
695 98 138 0
696 99 101 0
697 99 99 0
698 99 119 0
699 99 99 0
700 99 99 0
701 99 99 0
702 99 107 0
703 99 101 0
704 99 109 0
705 99 99 0
706 99 99 0
707 99 99 0
708 99 101 0
709 99 99 0
710 99 100 0
711 99 99 0
712 99 99 0
713 99 118 0
714 99 107 0
715 100 100 0
716 100 100 0
717 100 100 0
718 100 114 0
719 100 109 0
720 101 122 335
721 101 112 335
722 101 107 710
723 101 122 710
724 101 101 0
725 101 101 0
726 101 101 0
727 101 101 0
728 101 104 0
729 101 101 0
730 101 101 0
731 101 101 0
732 101 101 0
733 102 102 658
734 102 118 658
735 102 110 0
736 102 125 0
737 102 102 0
738 102 102 0
739 102 102 0
740 102 102 0
741 102 102 0
742 102 102 0
743 102 102 0
744 102 111 0
745 102 102 0
746 102 102 0
747 102 108 0
748 102 119 0
749 102 102 0
750 103 103 0
751 103 112 0
752 103 105 0
753 103 120 0
754 103 103 0
755 103 103 0
756 103 112 0
757 103 103 0
758 103 103 0
759 103 105 0
760 103 103 0
761 103 103 0
762 103 103 0
763 103 119 0
764 103 103 0
765 103 103 0
766 103 103 0
767 104 104 0
768 104 104 0
769 104 104 0
770 104 104 0
771 104 104 0
772 104 104 0
773 104 104 0
774 104 122 0
775 104 104 0
776 104 104 0
777 104 104 0
778 104 111 0
779 104 104 0
780 104 106 0
781 104 104 0
782 104 104 0
783 105 120 0
784 105 119 0
785 105 105 0
786 105 129 0
787 105 118 0
788 105 105 0
789 105 105 0
790 105 112 0
791 105 105 0
792 105 105 0
793 105 105 0
794 105 105 0
795 105 105 0
796 105 105 0
797 105 105 0
798 105 105 0
799 105 105 0
800 105 105 0
801 105 105 0
802 105 105 0
803 106 106 0
804 106 129 0
805 106 106 0
806 106 106 0
807 106 106 0
808 106 107 0
809 106 107 0
810 106 106 0
811 106 106 0
812 106 106 0
813 106 121 0
814 106 106 0
815 106 119 0
816 106 109 0
817 106 106 0
818 106 107 0
819 107 107 0
820 107 121 0
821 107 107 0
822 107 108 0
823 107 108 0
824 107 108 0
825 107 107 0
826 107 111 0
827 107 107 0
828 107 107 0
829 107 113 0
830 107 108 0
831 107 107 0
832 107 107 0
833 107 107 0
834 107 107 0
835 107 107 0
836 108 121 722
837 108 110 722
838 108 108 0
839 108 108 0
840 108 108 0
841 108 132 0
842 108 124 0
843 108 108 0
844 108 165 0
845 108 108 0
846 108 108 0
847 108 108 0
848 108 109 0
849 108 108 0
850 108 108 0
851 108 108 0
852 108 108 0
853 109 117 830
854 109 124 830
855 109 109 0
856 109 109 0
857 109 123 0
858 109 110 0
859 109 121 0
860 109 109 0
861 109 109 0
862 109 109 0
863 109 117 0
864 109 110 0
865 109 109 0
866 109 118 0
867 109 115 0
868 109 109 0
869 110 110 0
870 110 110 0
871 110 118 0
872 110 110 0
873 110 110 0
874 110 110 0
875 110 110 0
876 110 112 0
877 110 110 0
878 110 110 0
879 110 110 0
880 110 112 0
881 110 110 0
882 110 114 0
883 111 120 735
884 111 122 735
885 111 111 0
886 111 111 0
887 111 111 0
888 111 111 0
889 111 111 0
890 111 111 0
891 111 111 0
892 111 111 0
893 111 112 0
894 111 111 0
895 111 111 0
896 111 111 0
897 111 117 0
898 111 111 0
899 111 112 0
900 111 123 0
901 111 111 0
902 111 111 0
903 111 111 0
904 111 111 0
905 112 120 0
906 112 115 0
907 112 116 0
908 112 112 0
909 112 119 0
910 112 112 0
911 112 112 0
912 112 112 0
913 112 112 0
914 112 112 0
915 112 112 0
916 112 112 0
917 112 113 0
918 112 112 0
919 112 113 0
920 112 120 0
921 112 124 0
922 112 112 0
923 112 112 0
924 112 112 0
925 113 152 751
926 113 160 751
927 113 113 0
928 113 113 0
929 113 141 0
930 113 113 0
931 113 113 0
932 113 114 0
933 113 120 0
934 113 113 0
935 113 120 0
936 113 125 0
937 113 114 0
938 113 113 0
939 113 113 0
940 113 113 0
941 113 113 0
942 113 113 0
943 113 120 0
944 113 113 0
945 113 116 0
946 114 114 0
947 114 114 0
948 114 119 0
949 114 116 0
950 114 119 0
951 114 116 0
952 114 114 0
953 114 120 0
954 114 114 0
955 114 117 0
956 114 120 0
957 114 118 0
958 114 115 0
959 115 115 0
960 115 128 0
961 115 117 0
962 115 115 0
963 115 148 0
964 115 117 0
965 115 119 0
966 115 115 0
967 115 115 0
968 115 115 0
969 115 115 0
970 115 129 0
971 115 115 0
972 115 115 0
973 115 115 0
974 115 115 0
975 115 115 0
976 115 118 0
977 115 115 0
978 115 115 0
979 115 115 0
980 115 121 0
981 115 115 0
982 115 115 0
983 115 115 0
984 115 115 0
985 116 116 0
986 116 116 0
987 116 116 0
988 116 116 0
989 116 116 0
990 116 116 0
991 116 120 0
992 116 122 0
993 116 116 0
994 116 121 0
995 116 117 0
996 116 116 0
997 116 116 0
998 116 116 0
999 116 116 0
1000 116 116 0
1001 116 120 0
1002 116 119 0
1003 116 116 0
1004 116 116 0
1005 116 116 0
1006 116 116 0
1007 116 116 0
1008 117 119 1004
1009 117 120 1004
1010 117 121 0
1011 117 119 0
1012 117 117 0
1013 117 117 0
1014 117 117 0
1015 117 120 0
1016 117 117 0
1017 117 117 0
1018 117 117 0
1019 117 117 0
1020 117 117 0
1021 117 131 0
1022 117 117 0
1023 117 117 0
1024 117 117 0
1025 117 122 0
1026 117 117 0
1027 118 119 863
1028 118 119 863
1029 118 118 0
1030 118 118 0
1031 118 118 0
1032 118 159 0
1033 118 118 0
1034 118 122 0
1035 118 118 0
1036 118 118 0
1037 118 122 0
1038 118 118 0
1039 118 118 0
1040 118 121 0
1041 118 118 0
1042 118 121 0
1043 118 119 0
1044 118 119 0
1045 118 119 0
1046 118 118 0
1047 118 124 0
1048 118 118 0
1049 118 118 0
1050 118 118 0
1051 118 120 0
1052 118 118 0
1053 118 118 0
1054 118 119 0
1055 118 118 0
1056 118 120 0
1057 118 118 0
1058 118 118 0
1059 118 118 0
1060 118 118 0
1061 118 118 0
1062 119 121 1030
1063 119 119 1030
1064 119 119 0
1065 119 119 0
1066 119 125 0
1067 119 121 0
1068 119 119 0
1069 119 119 0
1070 119 120 0
1071 119 122 0
1072 119 119 0
1073 119 120 0
1074 119 120 0
1075 119 119 0
1076 119 131 0
1077 119 127 0
1078 119 119 0
1079 119 125 0
1080 119 119 0
1081 119 122 0
1082 119 119 0
1083 119 158 0
1084 119 119 0
1085 119 119 0
1086 119 128 0
1087 120 134 698
1088 120 141 698
1089 120 120 1085
1090 120 122 1085
1091 120 120 505
1092 120 123 505
1093 120 122 965
1094 120 120 965
1095 120 122 1028
1096 120 126 1028
1097 120 120 1080
1098 120 120 1080
1099 120 120 0
1100 120 121 0
1101 120 120 0
1102 120 121 0
1103 120 126 0
1104 120 125 0
1105 120 133 0
1106 120 120 0
1107 120 120 0
1108 120 121 0
1109 120 120 0
1110 120 120 0
1111 120 120 0
1112 120 137 0
1113 120 120 0
1114 120 120 0
1115 120 132 0
1116 120 122 0
1117 120 120 0
1118 120 120 0
1119 120 120 0
1120 120 120 0
1121 120 120 0
1122 120 122 0
1123 120 120 0
1124 120 120 0
1125 120 120 0
1126 120 121 0
1127 120 137 0
1128 120 120 0
1129 120 140 0
1130 120 120 0
1131 120 144 0
1132 120 123 0
1133 120 120 0
1134 120 140 0
1135 120 120 0
1136 120 120 0
1137 120 120 0
1138 120 145 0
1139 120 123 0
1140 120 120 0
1141 120 120 0
1142 120 129 0
1143 121 129 753
1144 121 133 753
1145 121 122 1106
1146 121 122 1106
1147 121 143 991
1148 121 126 991
1149 121 122 1114
1150 121 163 1114
1151 121 126 1009
1152 121 154 1009
1153 121 121 0
1154 121 123 0
1155 121 121 0
1156 121 121 0
1157 121 121 0
1158 121 139 0
1159 121 121 0
1160 121 122 0
1161 121 121 0
1162 121 121 0
1163 121 171 0
1164 121 121 0
1165 121 151 0
1166 121 121 0
1167 121 148 0
1168 121 132 0
1169 121 121 0
1170 121 121 0
1171 121 123 0
1172 121 121 0
1173 121 121 0
1174 121 124 0
1175 121 121 0
1176 121 121 0
1177 121 122 0
1178 121 121 0
1179 121 121 0
1180 121 122 0
1181 121 130 0
1182 121 121 0
1183 121 122 0
1184 121 121 0
1185 121 123 0
1186 121 127 0
1187 121 132 0
1188 121 121 0
1189 121 121 0
1190 121 121 0
1191 121 129 0
1192 121 128 0
1193 121 126 0
1194 121 121 0
1195 121 121 0
1196 121 121 0
1197 121 123 0
1198 121 129 0
1199 121 142 0
1200 121 121 0
1201 121 147 0
1202 121 125 0
1203 121 121 0
1204 121 133 0
1205 121 129 0
1206 121 121 0
1207 121 164 0
1208 121 121 0
1209 122 134 1010
1210 122 123 1010
1211 122 122 0
1212 122 145 0
1213 122 122 0
1214 122 126 0
1215 122 122 0
1216 122 158 0
1217 122 164 0
1218 122 123 0
1219 122 122 0
1220 122 135 0
1221 122 122 0
1222 122 122 0
1223 122 122 0
1224 122 122 0
1225 122 122 0
1226 122 122 0
1227 122 144 0
1228 122 123 0
1229 122 122 0
1230 122 122 0
1231 122 127 0
1232 122 126 0
1233 122 122 0
1234 122 122 0
1235 122 122 0
1236 122 122 0
1237 122 122 0
1238 122 139 0
1239 122 122 0
1240 122 122 0
1241 122 122 0
1242 122 127 0
1243 122 123 0
1244 122 132 0
1245 122 124 0
1246 122 124 0
1247 122 122 0
1248 122 127 0
1249 122 123 0
1250 122 122 0
1251 122 122 0
1252 122 123 0
1253 122 122 0
1254 122 122 0
1255 122 125 0
1256 122 124 0
1257 123 131 1025
1258 123 123 1025
1259 123 123 1180
1260 123 124 1180
1261 123 123 0
1262 123 127 0
1263 123 132 0
1264 123 131 0
1265 123 123 0
1266 123 123 0
1267 123 123 0
1268 123 156 0
1269 123 126 0
1270 123 123 0
1271 123 124 0
1272 123 129 0
1273 123 123 0
1274 123 124 0
1275 123 123 0
1276 123 126 0
1277 123 124 0
1278 123 123 0
1279 123 123 0
1280 123 125 0
1281 123 123 0
1282 123 123 0
1283 123 149 0
1284 123 125 0
1285 123 123 0
1286 123 123 0
1287 123 123 0
1288 123 123 0
1289 123 123 0
1290 123 127 0
1291 123 123 0
1292 123 123 0
1293 123 123 0
1294 123 126 0
1295 123 123 0
1296 123 124 0
1297 123 123 0
1298 123 123 0
1299 123 129 0
1300 123 123 0
1301 123 123 0
1302 123 123 0
1303 123 123 0
1304 123 123 0
1305 123 123 0
1306 123 123 0
1307 123 123 0
1308 123 129 0
1309 123 123 0
1310 123 123 0
1311 123 123 0
1312 124 129 638
1313 124 126 638
1314 124 133 525
1315 124 125 525
1316 124 124 1279
1317 124 124 1279
1318 124 124 1139
1319 124 127 1139
1320 124 124 474
1321 124 156 474
1322 124 124 0
1323 124 126 0
1324 124 139 0
1325 124 124 0
1326 124 124 0
1327 124 124 0
1328 124 126 0
1329 124 127 0
1330 124 124 0
1331 124 124 0
1332 124 124 0
1333 124 132 0
1334 124 124 0
1335 124 125 0
1336 124 124 0
1337 124 124 0
1338 124 124 0
1339 124 124 0
1340 124 143 0
1341 124 137 0
1342 124 137 0
1343 124 124 0
1344 124 124 0
1345 124 124 0
1346 124 124 0
1347 124 124 0
1348 124 132 0
1349 124 124 0
1350 124 131 0
1351 124 124 0
1352 124 132 0
1353 124 127 0
1354 124 124 0
1355 124 124 0
1356 124 124 0
1357 124 125 0
1358 124 137 0
1359 124 124 0
1360 124 124 0
1361 124 125 0
1362 124 124 0
1363 124 124 0
1364 124 132 0
1365 124 124 0
1366 124 124 0
1367 124 124 0
1368 124 124 0
1369 124 124 0
1370 124 124 0
1371 124 132 0
1372 124 124 0
1373 124 124 0
1374 124 124 0
1375 124 130 0
1376 124 131 0
1377 125 125 1246
1378 125 128 1246
1379 125 166 1326
1380 125 141 1326
1381 125 139 0
1382 125 134 0
1383 125 165 0
1384 125 125 0
1385 125 157 0
1386 125 136 0
1387 125 125 0
1388 125 129 0
1389 125 125 0
1390 125 136 0
1391 125 155 0
1392 125 125 0
1393 125 128 0
1394 125 125 0
1395 125 161 0
1396 125 125 0
1397 125 127 0
1398 125 125 0
1399 125 135 0
1400 125 125 0
1401 125 135 0
1402 125 131 0
1403 125 127 0
1404 125 130 0
1405 125 130 0
1406 125 125 0
1407 125 125 0
1408 125 125 0
1409 125 125 0
1410 125 128 0
1411 125 143 0
1412 125 125 0
1413 125 131 0
1414 125 130 0
1415 125 146 0
1416 125 139 0
1417 125 126 0
1418 125 125 0
1419 125 125 0
1420 125 128 0
1421 125 125 0
1422 125 136 0
1423 125 129 0
1424 125 125 0
1425 125 127 0
1426 125 130 0
1427 125 125 0
1428 126 152 736
1429 126 163 736
1430 126 148 1398
1431 126 151 1398
1432 126 126 0
1433 126 126 0
1434 126 126 0
1435 126 127 0
1436 126 127 0
1437 126 126 0
1438 126 126 0
1439 126 128 0
1440 126 126 0
1441 126 126 0
1442 126 126 0
1443 126 126 0
1444 126 136 0
1445 126 126 0
1446 126 127 0
1447 126 126 0
1448 126 126 0
1449 126 126 0
1450 126 126 0
1451 126 126 0
1452 126 126 0
1453 126 126 0
1454 126 126 0
1455 126 134 0
1456 126 126 0
1457 126 132 0
1458 126 126 0
1459 126 126 0
1460 126 126 0
1461 126 151 0
1462 126 126 0
1463 126 126 0
1464 126 128 0
1465 126 126 0
1466 126 126 0
1467 126 126 0
1468 126 131 0
1469 126 147 0
1470 126 127 0
1471 126 126 0
1472 127 131 669
1473 127 149 669
1474 127 128 1193
1475 127 127 1193
1476 127 148 1294
1477 127 131 1294
1478 127 127 1465
1479 127 127 1465
1480 127 127 0
1481 127 131 0
1482 127 128 0
1483 127 127 0
1484 127 128 0
1485 127 127 0
1486 127 161 0
1487 127 127 0
1488 127 133 0
1489 127 127 0
1490 127 127 0
1491 127 127 0
1492 127 127 0
1493 127 127 0
1494 127 128 0
1495 127 128 0
1496 127 130 0
1497 127 127 0
1498 127 149 0
1499 127 127 0
1500 127 127 0
1501 127 127 0
1502 127 127 0
1503 127 127 0
1504 127 127 0
1505 127 127 0
1506 127 127 0
1507 127 127 0
1508 127 127 0
1509 127 127 0
1510 127 127 0
1511 127 127 0
1512 127 127 0
1513 128 128 0
1514 128 151 0
1515 128 128 0
1516 128 136 0
1517 128 128 0
1518 128 128 0
1519 128 128 0
1520 128 128 0
1521 128 130 0
1522 128 136 0
1523 128 128 0
1524 128 128 0
1525 128 151 0
1526 128 128 0
1527 128 136 0
1528 128 128 0
1529 128 128 0
1530 128 130 0
1531 128 128 0
1532 128 130 0
1533 128 128 0
1534 128 137 0
1535 128 139 0
1536 128 128 0
1537 128 128 0
1538 128 128 0
1539 128 128 0
1540 128 128 0
1541 128 128 0
1542 128 130 0
1543 128 128 0
1544 128 128 0
1545 128 128 0
1546 128 128 0
1547 128 135 0
1548 128 128 0
1549 128 134 0
1550 128 132 0
1551 128 128 0
1552 128 128 0
1553 128 128 0
1554 128 128 0
1555 128 147 0
1556 128 129 0
1557 128 131 0
1558 128 165 0
1559 128 128 0
1560 129 129 1528
1561 129 129 1528
1562 129 131 1553
1563 129 129 1553
1564 129 129 0
1565 129 129 0
1566 129 129 0
1567 129 129 0
1568 129 131 0
1569 129 132 0
1570 129 129 0
1571 129 130 0
1572 129 130 0
1573 129 133 0
1574 129 129 0
1575 129 158 0
1576 129 129 0
1577 129 129 0
1578 129 129 0
1579 129 137 0
1580 129 129 0
1581 129 132 0
1582 129 133 0
1583 129 133 0
1584 129 129 0
1585 129 130 0
1586 129 129 0
1587 129 133 0
1588 129 141 0
1589 129 129 0
1590 129 129 0
1591 129 129 0
1592 129 130 0
1593 129 129 0
1594 129 129 0
1595 129 138 0
1596 129 147 0
1597 129 130 0
1598 129 140 0
1599 129 129 0
1600 129 134 0
1601 129 129 0
1602 129 129 0
1603 129 129 0
1604 129 129 0
1605 130 140 415
1606 130 131 415
1607 130 149 1590
1608 130 133 1590
1609 130 130 0
1610 130 136 0
1611 130 130 0
1612 130 130 0
1613 130 132 0
1614 130 139 0
1615 130 130 0
1616 130 130 0
1617 130 130 0
1618 130 130 0
1619 130 130 0
1620 130 130 0
1621 130 130 0
1622 130 141 0
1623 130 133 0
1624 130 133 0
1625 130 131 0
1626 130 130 0
1627 130 130 0
1628 130 130 0
1629 130 132 0
1630 130 139 0
1631 130 130 0
1632 130 130 0
1633 130 130 0
1634 130 130 0
1635 130 130 0
1636 130 130 0
1637 130 133 0
1638 130 130 0
1639 130 137 0
1640 130 141 0
1641 130 141 0
1642 130 134 0
1643 130 130 0
1644 130 130 0
1645 130 159 0
1646 130 130 0
1647 130 130 0
1648 131 131 1611
1649 131 169 1611
1650 131 191 1181
1651 131 131 1181
1652 131 156 0
1653 131 157 0
1654 131 131 0
1655 131 132 0
1656 131 134 0
1657 131 164 0
1658 131 131 0
1659 131 149 0
1660 131 131 0
1661 131 131 0
1662 131 131 0
1663 131 131 0
1664 131 131 0
1665 131 136 0
1666 131 131 0
1667 131 145 0
1668 131 131 0
1669 131 131 0
1670 131 132 0
1671 131 133 0
1672 131 131 0
1673 131 131 0
1674 131 131 0
1675 131 131 0
1676 131 135 0
1677 131 134 0
1678 131 147 0
1679 131 131 0
1680 131 131 0
1681 131 131 0
1682 131 131 0
1683 131 142 0
1684 131 131 0
1685 131 131 0
1686 131 155 0
1687 131 131 0
1688 131 138 0
1689 132 133 0
1690 132 162 0
1691 132 132 0
1692 132 133 0
1693 132 170 0
1694 132 139 0
1695 132 132 0
1696 132 132 0
1697 132 132 0
1698 132 132 0
1699 132 132 0
1700 132 132 0
1701 132 132 0
1702 132 134 0
1703 132 132 0
1704 132 133 0
1705 132 152 0
1706 132 132 0
1707 132 132 0
1708 132 132 0
1709 132 132 0
1710 132 132 0
1711 132 132 0
1712 132 146 0
1713 132 132 0
1714 132 132 0
1715 132 132 0
1716 132 132 0
1717 132 143 0
1718 132 132 0
1719 132 132 0
1720 132 132 0
1721 132 132 0
1722 132 136 0
1723 132 132 0
1724 132 138 0
1725 132 132 0
1726 132 133 0
1727 132 132 0
1728 132 132 0
1729 132 132 0
1730 132 148 0
1731 132 133 0
1732 132 132 0
1733 132 157 0
1734 132 142 0
1735 133 133 0
1736 133 133 0
1737 133 133 0
1738 133 133 0
1739 133 143 0
1740 133 133 0
1741 133 135 0
1742 133 133 0
1743 133 133 0
1744 133 138 0
1745 133 133 0
1746 133 133 0
1747 133 133 0
1748 133 133 0
1749 133 133 0
1750 133 133 0
1751 133 136 0
1752 133 168 0
1753 133 134 0
1754 133 133 0
1755 133 133 0
1756 133 133 0
1757 133 133 0
1758 133 133 0
1759 133 139 0
1760 133 133 0
1761 133 133 0
1762 133 133 0
1763 133 135 0
1764 133 138 0
1765 133 141 0
1766 133 134 0
1767 133 133 0
1768 133 140 0
1769 133 137 0
1770 133 135 0
1771 133 167 0
1772 133 133 0
1773 133 133 0
1774 133 133 0
1775 133 135 0
1776 133 133 0
1777 133 133 0
1778 133 133 0
1779 133 133 0
1780 133 133 0
1781 133 133 0
1782 134 145 1743
1783 134 134 1743
1784 134 134 0
1785 134 164 0
1786 134 138 0
1787 134 138 0
1788 134 134 0
1789 134 157 0
1790 134 145 0
1791 134 138 0
1792 134 143 0
1793 134 134 0
1794 134 138 0
1795 134 134 0
1796 134 134 0
1797 134 134 0
1798 134 166 0
1799 134 134 0
1800 134 134 0
1801 134 134 0
1802 134 137 0
1803 134 165 0
1804 134 135 0
1805 134 140 0
1806 134 135 0
1807 134 134 0
1808 134 137 0
1809 134 134 0
1810 134 134 0
1811 134 134 0
1812 134 149 0
1813 134 134 0
1814 134 134 0
1815 134 134 0
1816 134 134 0
1817 134 134 0
1818 134 134 0
1819 134 134 0
1820 134 136 0
1821 134 134 0
1822 134 134 0
1823 134 134 0
1824 134 136 0
1825 134 153 0
1826 134 134 0
1827 134 142 0
1828 134 136 0
1829 135 135 0
1830 135 135 0
1831 135 135 0
1832 135 161 0
1833 135 135 0
1834 135 135 0
1835 135 135 0
1836 135 135 0
1837 135 162 0
1838 135 135 0
1839 135 135 0
1840 135 135 0
1841 135 139 0
1842 135 152 0
1843 135 135 0
1844 135 135 0
1845 135 135 0
1846 135 135 0
1847 135 135 0
1848 135 135 0
1849 135 135 0
1850 135 135 0
1851 135 135 0
1852 135 140 0
1853 135 156 0
1854 135 149 0
1855 135 139 0
1856 135 135 0
1857 135 137 0
1858 135 135 0
1859 135 135 0
1860 135 135 0
1861 135 147 0
1862 135 136 0
1863 135 135 0
1864 135 135 0
1865 135 135 0
1866 135 135 0
1867 135 135 0
1868 135 138 0
1869 136 163 0
1870 136 166 0
1871 136 138 0
1872 136 136 0
1873 136 136 0
1874 136 136 0
1875 136 146 0
1876 136 136 0
1877 136 136 0
1878 136 143 0
1879 136 136 0
1880 136 136 0
1881 136 143 0
1882 136 136 0
1883 136 136 0
1884 136 136 0
1885 136 136 0
1886 136 136 0
1887 136 145 0
1888 136 153 0
1889 136 137 0
1890 136 136 0
1891 136 136 0
1892 136 136 0
1893 136 136 0
1894 136 136 0
1895 136 169 0
1896 136 136 0
1897 136 136 0
1898 136 136 0
1899 136 136 0
1900 136 136 0
1901 136 136 0
1902 137 137 0
1903 137 137 0
1904 137 139 0
1905 137 137 0
1906 137 152 0
1907 137 138 0
1908 137 139 0
1909 137 137 0
1910 137 147 0
1911 137 137 0
1912 137 137 0
1913 137 138 0
1914 137 137 0
1915 137 137 0
1916 137 137 0
1917 137 137 0
1918 137 137 0
1919 137 137 0
1920 137 137 0
1921 137 137 0
1922 137 147 0
1923 137 137 0
1924 137 137 0
1925 137 137 0
1926 137 137 0
1927 137 137 0
1928 137 137 0
1929 137 140 0
1930 137 143 0
1931 137 139 0
1932 137 137 0
1933 137 147 0
1934 137 137 0
1935 138 142 0
1936 138 138 0
1937 138 155 0
1938 138 140 0
1939 138 144 0
1940 138 155 0
1941 138 139 0
1942 138 138 0
1943 138 138 0
1944 138 164 0
1945 138 166 0
1946 138 146 0
1947 138 138 0
1948 138 138 0
1949 138 148 0
1950 138 140 0
1951 138 138 0
1952 138 138 0
1953 138 138 0
1954 138 142 0
1955 138 138 0
1956 138 138 0
1957 138 138 0
1958 138 141 0
1959 138 138 0
1960 138 143 0
1961 138 151 0
1962 138 138 0
1963 138 138 0
1964 138 138 0
1965 138 138 0
1966 138 149 0
1967 138 150 0
1968 138 156 0
1969 138 139 0
1970 138 147 0
1971 138 138 0
1972 138 138 0
1973 138 138 0
1974 138 138 0
1975 138 138 0
1976 139 139 695
1977 139 139 695
1978 139 141 0
1979 139 140 0
1980 139 139 0
1981 139 165 0
1982 139 139 0
1983 139 139 0
1984 139 139 0
1985 139 144 0
1986 139 139 0
1987 139 160 0
1988 139 141 0
1989 139 139 0
1990 139 140 0
1991 139 139 0
1992 139 139 0
1993 139 140 0
1994 139 148 0
1995 139 141 0
1996 139 144 0
1997 139 144 0
1998 139 139 0
1999 139 139 0
2000 139 139 0
2001 139 140 0
2002 139 141 0
2003 139 139 0
2004 139 143 0
2005 139 139 0
2006 139 141 0
2007 139 139 0
2008 139 139 0
2009 139 139 0
2010 139 168 0
2011 139 166 0
2012 140 140 0
2013 140 140 0
2014 140 140 0
2015 140 140 0
2016 140 140 0
2017 140 153 0
2018 140 140 0
2019 140 140 0
2020 140 140 0
2021 140 146 0
2022 140 140 0
2023 140 140 0
2024 140 140 0
2025 140 140 0
2026 140 140 0
2027 140 141 0
2028 140 143 0
2029 140 150 0
2030 140 140 0
2031 140 140 0
2032 140 140 0
2033 140 152 0
2034 140 140 0
2035 140 147 0
2036 140 140 0
2037 140 140 0
2038 140 140 0
2039 140 140 0
2040 140 140 0
2041 140 140 0
2042 140 140 0
2043 140 142 0
2044 140 140 0
2045 140 147 0
2046 140 145 0
2047 140 141 0
2048 140 140 0
2049 140 142 0
2050 141 146 0
2051 141 141 0
2052 141 141 0
2053 141 141 0
2054 141 146 0
2055 141 170 0
2056 141 145 0
2057 141 146 0
2058 141 149 0
2059 141 142 0
2060 141 141 0
2061 141 141 0
2062 141 147 0
2063 141 141 0
2064 141 141 0
2065 141 142 0
2066 141 141 0
2067 141 142 0
2068 141 169 0
2069 141 142 0
2070 141 147 0
2071 141 143 0
2072 141 142 0
2073 141 141 0
2074 141 141 0
2075 141 141 0
2076 141 141 0
2077 141 141 0
2078 141 143 0
2079 141 141 0
2080 141 141 0
2081 141 141 0
2082 141 142 0
2083 141 141 0
2084 141 141 0
2085 141 141 0
2086 142 142 0
2087 142 143 0
2088 142 161 0
2089 142 164 0
2090 142 142 0
2091 142 142 0
2092 142 142 0
2093 142 142 0
2094 142 158 0
2095 142 144 0
2096 142 175 0
2097 142 142 0
2098 142 142 0
2099 142 142 0
2100 142 142 0
2101 142 142 0
2102 142 142 0
2103 142 142 0
2104 142 142 0
2105 142 142 0
2106 142 143 0
2107 142 144 0
2108 142 142 0
2109 142 142 0
2110 142 142 0
2111 142 150 0
2112 142 145 0
2113 142 142 0
2114 142 142 0
2115 142 142 0
2116 142 143 0
2117 142 163 0
2118 142 142 0
2119 142 142 0
2120 142 142 0
2121 142 155 0
2122 142 143 0
2123 142 142 0
2124 142 142 0
2125 142 142 0
2126 142 143 0
2127 142 150 0
2128 142 167 0
2129 142 142 0
2130 142 165 0
2131 142 142 0
2132 143 143 2115
2133 143 143 2115
2134 143 144 0
2135 143 143 0
2136 143 144 0
2137 143 143 0
2138 143 143 0
2139 143 143 0
2140 143 143 0
2141 143 143 0
2142 143 143 0
2143 143 144 0
2144 143 155 0
2145 143 143 0
2146 143 143 0
2147 143 147 0
2148 143 143 0
2149 143 143 0
2150 143 143 0
2151 143 148 0
2152 143 143 0
2153 143 156 0
2154 143 144 0
2155 143 145 0
2156 143 143 0
2157 143 147 0
2158 143 143 0
2159 143 143 0
2160 143 143 0
2161 143 155 0
2162 143 143 0
2163 143 143 0
2164 143 152 0
2165 143 149 0
2166 143 173 0
2167 143 143 0
2168 143 143 0
2169 143 143 0
2170 143 143 0
2171 143 143 0
2172 143 143 0
2173 143 143 0
2174 143 143 0
2175 143 143 0
2176 143 143 0
2177 143 143 0
2178 143 143 0
2179 144 146 0
2180 144 144 0
2181 144 144 0
2182 144 144 0
2183 144 144 0
2184 144 144 0
2185 144 144 0
2186 144 152 0
2187 144 147 0
2188 144 154 0
2189 144 144 0
2190 144 144 0
2191 144 144 0
2192 144 144 0
2193 144 144 0
2194 144 144 0
2195 144 144 0
2196 144 157 0
2197 144 144 0
2198 144 147 0
2199 144 152 0
2200 144 144 0
2201 144 151 0
2202 144 147 0
2203 144 158 0
2204 144 144 0
2205 144 144 0
2206 144 151 0
2207 144 145 0
2208 144 152 0
2209 144 169 0
2210 144 144 0
2211 144 147 0
2212 144 148 0
2213 144 144 0
2214 144 156 0
2215 144 144 0
2216 144 144 0
2217 145 154 1131
2218 145 146 1131
2219 145 153 2215
2220 145 145 2215
2221 145 145 0
2222 145 146 0
2223 145 156 0
2224 145 145 0
2225 145 145 0
2226 145 145 0
2227 145 145 0
2228 145 145 0
2229 145 153 0
2230 145 149 0
2231 145 145 0
2232 145 145 0
2233 145 145 0
2234 145 146 0
2235 145 145 0
2236 145 146 0
2237 145 148 0
2238 145 145 0
2239 145 145 0
2240 145 145 0
2241 145 146 0
2242 145 149 0
2243 145 149 0
2244 145 145 0
2245 145 145 0
2246 145 145 0
2247 145 146 0
2248 145 146 0
2249 145 145 0
2250 145 145 0
2251 145 145 0
2252 145 145 0
2253 145 145 0
2254 145 154 0
2255 145 145 0
2256 145 145 0
2257 145 145 0
2258 145 145 0
2259 145 145 0
2260 145 145 0
2261 146 146 2244
2262 146 146 2244
2263 146 175 1667
2264 146 146 1667
2265 146 161 2245
2266 146 146 2245
2267 146 146 0
2268 146 162 0
2269 146 146 0
2270 146 149 0
2271 146 146 0
2272 146 147 0
2273 146 155 0
2274 146 147 0
2275 146 146 0
2276 146 146 0
2277 146 146 0
2278 146 146 0
2279 146 161 0
2280 146 148 0
2281 146 146 0
2282 146 147 0
2283 146 162 0
2284 146 146 0
2285 146 146 0
2286 146 146 0
2287 146 146 0
2288 146 146 0
2289 146 153 0
2290 146 146 0
2291 146 152 0
2292 146 146 0
2293 146 148 0
2294 146 146 0
2295 147 164 0
2296 147 147 0
2297 147 155 0
2298 147 147 0
2299 147 147 0
2300 147 159 0
2301 147 147 0
2302 147 150 0
2303 147 147 0
2304 147 147 0
2305 147 147 0
2306 147 147 0
2307 147 147 0
2308 147 147 0
2309 147 147 0
2310 147 147 0
2311 147 147 0
2312 147 148 0
2313 147 147 0
2314 147 148 0
2315 147 147 0
2316 147 147 0
2317 147 149 0
2318 147 147 0
2319 147 147 0
2320 147 147 0
2321 147 147 0
2322 147 147 0
2323 147 147 0
2324 147 147 0
2325 147 147 0
2326 147 147 0
2327 147 152 0
2328 147 147 0
2329 147 147 0
2330 147 147 0
2331 147 147 0
2332 147 147 0
2333 147 148 0
2334 147 147 0
2335 148 174 2321
2336 148 148 2321
2337 148 160 0
2338 148 163 0
2339 148 148 0
2340 148 149 0
2341 148 148 0
2342 148 149 0
2343 148 149 0
2344 148 148 0
2345 148 148 0
2346 148 148 0
2347 148 148 0
2348 148 150 0
2349 148 148 0
2350 148 153 0
2351 148 148 0
2352 148 160 0
2353 148 158 0
2354 148 148 0
2355 148 148 0
2356 148 148 0
2357 148 152 0
2358 148 151 0
2359 148 148 0
2360 148 149 0
2361 148 158 0
2362 148 148 0
2363 148 148 0
2364 148 148 0
2365 148 148 0
2366 148 148 0
2367 148 148 0
2368 148 148 0
2369 148 148 0
2370 148 148 0
2371 148 152 0
2372 148 154 0
2373 148 149 0
2374 148 148 0
2375 148 149 0
2376 148 148 0
2377 148 149 0
2378 148 155 0
2379 149 149 2374
2380 149 150 2374
2381 149 149 0
2382 149 162 0
2383 149 149 0
2384 149 149 0
2385 149 149 0
2386 149 154 0
2387 149 151 0
2388 149 156 0
2389 149 149 0
2390 149 152 0
2391 149 149 0
2392 149 153 0
2393 149 152 0
2394 149 151 0
2395 149 151 0
2396 149 149 0
2397 149 149 0
2398 149 149 0
2399 149 149 0
2400 149 149 0
2401 149 150 0
2402 149 154 0
2403 149 152 0
2404 149 153 0
2405 149 149 0
2406 149 149 0
2407 149 159 0
2408 149 173 0
2409 149 149 0
2410 149 149 0
2411 149 149 0
2412 149 165 0
2413 149 149 0
2414 149 149 0
2415 149 152 0
2416 149 149 0
2417 149 149 0
2418 149 149 0
2419 149 149 0
2420 150 151 0
2421 150 150 0
2422 150 152 0
2423 150 153 0
2424 150 150 0
2425 150 162 0
2426 150 151 0
2427 150 150 0
2428 150 150 0
2429 150 154 0
2430 150 150 0
2431 150 151 0
2432 150 150 0
2433 150 150 0
2434 150 150 0
2435 150 150 0
2436 150 150 0
2437 150 151 0
2438 150 150 0
2439 150 155 0
2440 150 150 0
2441 150 150 0
2442 150 150 0
2443 150 150 0
2444 150 151 0
2445 150 150 0
2446 150 165 0
2447 150 150 0
2448 150 162 0
2449 150 150 0
2450 150 150 0
2451 150 152 0
2452 150 150 0
2453 150 150 0
2454 150 150 0
2455 150 150 0
2456 150 151 0
2457 150 150 0
2458 150 150 0
2459 150 150 0
2460 150 150 0
2461 150 150 0
2462 150 150 0
2463 150 159 0
2464 150 150 0
2465 150 150 0
2466 150 150 0
2467 150 151 0
2468 150 156 0
2469 150 150 0
2470 150 150 0
2471 150 152 0
2472 150 157 0
2473 150 150 0
2474 150 158 0
2475 150 156 0
2476 150 150 0
2477 151 167 2470
2478 151 157 2470
2479 151 151 0
2480 151 151 0
2481 151 151 0
2482 151 164 0
2483 151 151 0
2484 151 151 0
2485 151 151 0
2486 151 152 0
2487 151 151 0
2488 151 151 0
2489 151 152 0
2490 151 162 0
2491 151 157 0
2492 151 151 0
2493 151 151 0
2494 151 151 0
2495 151 151 0
2496 151 151 0
2497 151 151 0
2498 151 155 0
2499 151 151 0
2500 151 151 0
2501 151 154 0
2502 151 151 0
2503 151 151 0
2504 151 156 0
2505 151 151 0
2506 151 151 0
2507 151 163 0
2508 151 169 0
2509 151 151 0
2510 151 151 0
2511 151 151 0
2512 151 152 0
2513 151 152 0
2514 151 158 0
2515 151 151 0
2516 152 152 0
2517 152 152 0
2518 152 152 0
2519 152 152 0
2520 152 157 0
2521 152 167 0
2522 152 153 0
2523 152 152 0
2524 152 154 0
2525 152 152 0
2526 152 155 0
2527 152 155 0
2528 152 152 0
2529 152 152 0
2530 152 159 0
2531 152 155 0
2532 152 152 0
2533 152 152 0
2534 152 153 0
2535 152 158 0
2536 152 159 0
2537 152 152 0
2538 152 153 0
2539 152 152 0
2540 152 152 0
2541 152 152 0
2542 152 153 0
2543 152 152 0
2544 152 155 0
2545 152 152 0
2546 152 152 0
2547 152 153 0
2548 152 152 0
2549 152 153 0
2550 152 152 0
2551 152 152 0
2552 152 152 0
2553 152 152 0
2554 153 165 0
2555 153 153 0
2556 153 153 0
2557 153 154 0
2558 153 153 0
2559 153 153 0
2560 153 153 0
2561 153 155 0
2562 153 162 0
2563 153 153 0
2564 153 153 0
2565 153 153 0
2566 153 153 0
2567 153 153 0
2568 153 153 0
2569 153 159 0
2570 153 156 0
2571 153 153 0
2572 153 155 0
2573 153 153 0
2574 153 153 0
2575 153 153 0
2576 153 153 0
2577 153 153 0
2578 153 153 0
2579 153 153 0
2580 153 154 0
2581 153 153 0
2582 153 164 0
2583 153 153 0
2584 153 153 0
2585 153 159 0
2586 153 153 0
2587 153 153 0
2588 153 153 0
2589 153 153 0
2590 153 153 0
2591 153 158 0
2592 153 153 0
2593 153 163 0
2594 153 153 0
2595 153 153 0
2596 153 154 0
2597 153 153 0
2598 153 153 0
2599 153 163 0
2600 153 154 0
2601 153 153 0
2602 153 153 0
2603 153 153 0
2604 154 191 1888
2605 154 163 1888
2606 154 154 0
2607 154 162 0
2608 154 154 0
2609 154 157 0
2610 154 154 0
2611 154 165 0
2612 154 164 0
2613 154 158 0
2614 154 154 0
2615 154 154 0
2616 154 154 0
2617 154 160 0
2618 154 155 0
2619 154 160 0
2620 154 155 0
2621 154 163 0
2622 154 162 0
2623 154 158 0
2624 154 155 0
2625 154 154 0
2626 154 155 0
2627 154 155 0
2628 154 154 0
2629 154 154 0
2630 154 154 0
2631 154 155 0
2632 154 154 0
2633 154 154 0
2634 154 154 0
2635 154 154 0
2636 154 156 0
2637 154 155 0
2638 154 154 0
2639 154 157 0
2640 154 158 0
2641 154 155 0
2642 154 154 0
2643 154 155 0
2644 154 154 0
2645 154 154 0
2646 154 155 0
2647 154 155 0
2648 154 158 0
2649 154 154 0
2650 154 154 0
2651 154 154 0
2652 154 154 0
2653 154 154 0
2654 154 154 0
2655 154 154 0
2656 155 155 2557
2657 155 157 2557
2658 155 155 0
2659 155 155 0
2660 155 156 0
2661 155 155 0
2662 155 155 0
2663 155 177 0
2664 155 155 0
2665 155 155 0
2666 155 156 0
2667 155 155 0
2668 155 155 0
2669 155 156 0
2670 155 155 0
2671 155 155 0
2672 155 174 0
2673 155 155 0
2674 155 165 0
2675 155 155 0
2676 155 162 0
2677 155 160 0
2678 155 155 0
2679 155 157 0
2680 155 155 0
2681 155 155 0
2682 155 156 0
2683 155 163 0
2684 155 161 0
2685 155 155 0
2686 155 155 0
2687 155 155 0
2688 155 155 0
2689 155 162 0
2690 155 155 0
2691 155 155 0
2692 155 155 0
2693 155 155 0
2694 155 155 0
2695 155 155 0
2696 155 155 0
2697 155 165 0
2698 155 155 0
2699 155 155 0
2700 155 163 0
2701 155 155 0
2702 156 165 2561
2703 156 156 2561
2704 156 156 2646
2705 156 161 2646
2706 156 156 0
2707 156 156 0
2708 156 156 0
2709 156 156 0
2710 156 156 0
2711 156 156 0
2712 156 194 0
2713 156 156 0
2714 156 156 0
2715 156 156 0
2716 156 156 0
2717 156 156 0
2718 156 158 0
2719 156 156 0
2720 156 156 0
2721 156 158 0
2722 156 158 0
2723 156 162 0
2724 156 156 0
2725 156 156 0
2726 156 156 0
2727 156 156 0
2728 156 162 0
2729 156 156 0
2730 156 156 0
2731 156 156 0
2732 156 164 0
2733 156 156 0
2734 156 156 0
2735 156 163 0
2736 156 156 0
2737 156 156 0
2738 156 156 0
2739 156 156 0
2740 156 163 0
2741 156 160 0
2742 156 157 0
2743 156 162 0
2744 156 158 0
2745 156 156 0
2746 156 156 0
2747 156 160 0
2748 156 165 0
2749 156 159 0
2750 156 160 0
2751 156 156 0
2752 156 156 0
2753 156 156 0
2754 156 163 0
2755 156 156 0
2756 156 156 0
2757 156 156 0
2758 156 156 0
2759 156 156 0
2760 156 156 0
2761 156 156 0
2762 156 160 0
2763 156 164 0
2764 156 158 0
2765 156 156 0
2766 156 159 0
2767 157 157 0
2768 157 157 0
2769 157 166 0
2770 157 161 0
2771 157 157 0
2772 157 157 0
2773 157 163 0
2774 157 157 0
2775 157 167 0
2776 157 157 0
2777 157 157 0
2778 157 157 0
2779 157 157 0
2780 157 157 0
2781 157 158 0
2782 157 158 0
2783 157 164 0
2784 157 159 0
2785 157 157 0
2786 157 167 0
2787 157 157 0
2788 157 157 0
2789 157 157 0
2790 157 157 0
2791 157 157 0
2792 157 169 0
2793 157 180 0
2794 157 157 0
2795 157 164 0
2796 157 163 0
2797 157 157 0
2798 157 157 0
2799 157 157 0
2800 157 157 0
2801 157 159 0
2802 157 159 0
2803 157 161 0
2804 157 159 0
2805 157 157 0
2806 157 157 0
2807 157 157 0
2808 157 157 0
2809 157 157 0
2810 157 157 0
2811 157 159 0
2812 157 163 0
2813 157 159 0
2814 157 157 0
2815 157 159 0
2816 157 173 0
2817 157 164 0
2818 157 157 0
2819 157 158 0
2820 157 157 0
2821 157 157 0
2822 158 158 0
2823 158 158 0
2824 158 194 0
2825 158 170 0
2826 158 158 0
2827 158 158 0
2828 158 158 0
2829 158 166 0
2830 158 158 0
2831 158 158 0
2832 158 158 0
2833 158 158 0
2834 158 158 0
2835 158 158 0
2836 158 159 0
2837 158 162 0
2838 158 161 0
2839 158 158 0
2840 158 158 0
2841 158 158 0
2842 158 158 0
2843 158 158 0
2844 158 158 0
2845 158 158 0
2846 158 158 0
2847 158 158 0
2848 158 158 0
2849 158 158 0
2850 158 158 0
2851 158 158 0
2852 158 158 0
2853 158 164 0
2854 158 173 0
2855 158 158 0
2856 158 163 0
2857 158 159 0
2858 158 158 0
2859 158 158 0
2860 158 158 0
2861 158 158 0
2862 158 159 0
2863 158 160 0
2864 158 158 0
2865 158 158 0
2866 158 159 0
2867 158 158 0
2868 158 158 0
2869 158 159 0
2870 158 158 0
2871 158 158 0
2872 158 158 0
2873 158 158 0
2874 158 158 0
2875 158 158 0
2876 158 167 0
2877 159 159 2474
2878 159 159 2474
2879 159 162 2764
2880 159 162 2764
2881 159 161 2613
2882 159 164 2613
2883 159 160 0
2884 159 159 0
2885 159 159 0
2886 159 159 0
2887 159 160 0
2888 159 159 0
2889 159 159 0
2890 159 161 0
2891 159 161 0
2892 159 159 0
2893 159 159 0
2894 159 159 0
2895 159 165 0
2896 159 163 0
2897 159 161 0
2898 159 162 0
2899 159 159 0
2900 159 159 0
2901 159 171 0
2902 159 160 0
2903 159 159 0
2904 159 159 0
2905 159 161 0
2906 159 159 0
2907 159 159 0
2908 159 160 0
2909 159 162 0
2910 159 159 0
2911 159 164 0
2912 159 161 0
2913 159 161 0
2914 159 164 0
2915 159 159 0
2916 159 159 0
2917 159 175 0
2918 159 160 0
2919 159 159 0
2920 159 159 0
2921 159 159 0
2922 159 159 0
2923 159 159 0
2924 159 159 0
2925 160 161 2920
2926 160 163 2920
2927 160 160 2536
2928 160 160 2536
2929 160 160 0
2930 160 160 0
2931 160 160 0
2932 160 160 0
2933 160 169 0
2934 160 161 0
2935 160 160 0
2936 160 160 0
2937 160 162 0
2938 160 160 0
2939 160 160 0
2940 160 162 0
2941 160 160 0
2942 160 160 0
2943 160 161 0
2944 160 161 0
2945 160 160 0
2946 160 163 0
2947 160 163 0
2948 160 160 0
2949 160 160 0
2950 160 160 0
2951 160 160 0
2952 160 165 0
2953 160 162 0
2954 160 162 0
2955 160 160 0
2956 160 165 0
2957 160 160 0
2958 160 160 0
2959 160 160 0
2960 160 177 0
2961 160 165 0
2962 160 164 0
2963 160 160 0
2964 160 160 0
2965 160 165 0
2966 160 160 0
2967 161 161 2928
2968 161 161 2928
2969 161 170 2964
2970 161 161 2964
2971 161 171 0
2972 161 161 0
2973 161 161 0
2974 161 161 0
2975 161 167 0
2976 161 161 0
2977 161 163 0
2978 161 161 0
2979 161 161 0
2980 161 161 0
2981 161 161 0
2982 161 161 0
2983 161 162 0
2984 161 162 0
2985 161 161 0
2986 161 161 0
2987 161 161 0
2988 161 161 0
2989 161 161 0
2990 161 162 0
2991 161 161 0
2992 161 161 0
2993 161 161 0
2994 161 161 0
2995 161 162 0
2996 161 162 0
2997 161 161 0
2998 161 161 0
2999 161 165 0
3000 161 161 0
3001 161 161 0
3002 161 161 0
3003 161 161 0
3004 161 165 0
3005 161 161 0
3006 161 161 0
3007 161 161 0
3008 161 161 0
3009 161 162 0
3010 161 161 0
3011 161 161 0
3012 161 161 0
3013 161 161 0
3014 161 166 0
3015 161 182 0
3016 161 172 0
3017 161 161 0
3018 161 161 0
3019 162 170 3010
3020 162 164 3010
3021 162 162 0
3022 162 164 0
3023 162 166 0
3024 162 162 0
3025 162 162 0
3026 162 162 0
3027 162 162 0
3028 162 162 0
3029 162 162 0
3030 162 162 0
3031 162 162 0
3032 162 163 0
3033 162 162 0
3034 162 162 0
3035 162 162 0
3036 162 162 0
3037 162 187 0
3038 162 162 0
3039 162 162 0
3040 162 162 0
3041 162 162 0
3042 162 162 0
3043 162 162 0
3044 162 162 0
3045 162 162 0
3046 162 162 0
3047 162 169 0
3048 162 162 0
3049 162 162 0
3050 162 162 0
3051 162 162 0
3052 162 162 0
3053 162 163 0
3054 162 162 0
3055 162 162 0
3056 162 163 0
3057 162 162 0
3058 162 162 0
3059 162 162 0
3060 162 162 0
3061 162 164 0
3062 162 165 0
3063 162 162 0
3064 162 162 0
3065 162 164 0
3066 162 174 0
3067 162 162 0
3068 162 163 0
3069 162 162 0
3070 162 162 0
3071 162 162 0
3072 162 162 0
3073 162 163 0
3074 162 162 0
3075 162 162 0
3076 162 164 0
3077 162 163 0
3078 162 162 0
3079 162 163 0
3080 162 162 0
3081 162 162 0
3082 162 162 0
3083 163 166 2880
3084 163 164 2880
3085 163 167 0
3086 163 173 0
3087 163 163 0
3088 163 163 0
3089 163 167 0
3090 163 169 0
3091 163 163 0
3092 163 163 0
3093 163 163 0
3094 163 163 0
3095 163 166 0
3096 163 164 0
3097 163 163 0
3098 163 163 0
3099 163 171 0
3100 163 163 0
3101 163 163 0
3102 163 163 0
3103 163 163 0
3104 163 163 0
3105 163 163 0
3106 163 163 0
3107 163 164 0
3108 163 163 0
3109 163 163 0
3110 163 163 0
3111 163 164 0
3112 163 178 0
3113 163 163 0
3114 163 164 0
3115 163 163 0
3116 163 165 0
3117 163 163 0
3118 163 163 0
3119 163 163 0
3120 163 163 0
3121 163 167 0
3122 163 183 0
3123 163 163 0
3124 163 164 0
3125 163 163 0
3126 163 163 0
3127 163 163 0
3128 163 163 0
3129 163 163 0
3130 163 163 0
3131 163 166 0
3132 163 163 0
3133 163 163 0
3134 163 163 0
3135 163 165 0
3136 163 163 0
3137 163 163 0
3138 163 163 0
3139 163 167 0
3140 163 163 0
3141 163 163 0
3142 163 163 0
3143 163 163 0
3144 163 163 0
3145 163 163 0
3146 163 163 0
3147 163 164 0
3148 163 163 0
3149 163 163 0
3150 163 167 0
3151 163 163 0
3152 163 164 0
3153 163 163 0
3154 163 163 0
3155 163 164 0
3156 163 164 0
3157 163 163 0
3158 163 163 0
3159 163 178 0
3160 163 176 0
3161 163 163 0
3162 163 163 0
3163 163 163 0
3164 163 163 0
3165 163 163 0
3166 163 163 0
3167 163 163 0
3168 163 163 0
3169 163 169 0
3170 163 167 0
3171 163 163 0
3172 163 164 0
3173 163 164 0
3174 163 163 0
3175 163 163 0
3176 163 163 0
3177 163 168 0
3178 164 166 2754
3179 164 166 2754
3180 164 172 2773
3181 164 164 2773
3182 164 164 3154
3183 164 165 3154
3184 164 164 0
3185 164 164 0
3186 164 164 0
3187 164 164 0
3188 164 164 0
3189 164 169 0
3190 164 164 0
3191 164 164 0
3192 164 165 0
3193 164 194 0
3194 164 165 0
3195 164 165 0
3196 164 164 0
3197 164 174 0
3198 164 176 0
3199 164 164 0
3200 164 164 0
3201 164 176 0
3202 164 164 0
3203 164 171 0
3204 164 164 0
3205 164 165 0
3206 164 164 0
3207 164 165 0
3208 164 172 0
3209 164 190 0
3210 164 164 0
3211 164 164 0
3212 164 164 0
3213 164 164 0
3214 164 167 0
3215 164 164 0
3216 164 164 0
3217 164 166 0
3218 164 166 0
3219 164 164 0
3220 164 169 0
3221 164 168 0
3222 164 165 0
3223 164 164 0
3224 164 174 0
3225 164 175 0
3226 164 166 0
3227 164 164 0
3228 164 165 0
3229 164 165 0
3230 164 164 0
3231 164 165 0
3232 164 165 0
3233 164 173 0
3234 164 177 0
3235 164 165 0
3236 164 165 0
3237 164 173 0
3238 164 165 0
3239 164 164 0
3240 164 164 0
3241 164 164 0
3242 164 166 0
3243 164 165 0
3244 164 164 0
3245 164 164 0
3246 164 164 0
3247 164 165 0
3248 164 164 0
3249 164 164 0
3250 164 164 0
3251 164 164 0
3252 164 164 0
3253 164 166 0
3254 164 164 0
3255 164 164 0
3256 164 165 0
3257 164 164 0
3258 164 164 0
3259 164 164 0
3260 164 174 0
3261 164 164 0
3262 164 164 0
3263 164 164 0
3264 164 165 0
3265 164 164 0
3266 164 170 0
3267 164 164 0
3268 164 164 0
3269 165 170 3246
3270 165 165 3246
3271 165 165 2962
3272 165 165 2962
3273 165 167 2882
3274 165 165 2882
3275 165 165 3156
3276 165 165 3156
3277 165 165 0
3278 165 165 0
3279 165 166 0
3280 165 165 0
3281 165 165 0
3282 165 165 0
3283 165 165 0
3284 165 165 0
3285 165 165 0
3286 165 165 0
3287 165 166 0
3288 165 165 0
3289 165 165 0
3290 165 165 0
3291 165 166 0
3292 165 165 0
3293 165 165 0
3294 165 166 0
3295 165 167 0
3296 165 165 0
3297 165 165 0
3298 165 165 0
3299 165 165 0
3300 165 165 0
3301 165 165 0
3302 165 165 0
3303 165 165 0
3304 165 165 0
3305 165 165 0
3306 165 165 0
3307 165 165 0
3308 165 165 0
3309 165 165 0
3310 165 165 0
3311 165 165 0
3312 165 165 0
3313 165 165 0
3314 165 165 0
3315 165 166 0
3316 165 165 0
3317 165 165 0
3318 165 168 0
3319 165 165 0
3320 165 165 0
3321 165 165 0
3322 165 168 0
3323 165 165 0
3324 165 165 0
3325 165 165 0
3326 165 170 0
3327 165 165 0
3328 165 165 0
3329 165 165 0
3330 165 165 0
3331 165 166 0
3332 165 167 0
3333 165 165 0
3334 165 165 0
3335 165 165 0
3336 165 166 0
3337 165 165 0
3338 165 165 0
3339 165 165 0
3340 165 165 0
3341 165 167 0
3342 165 165 0
3343 165 165 0
3344 165 165 0
3345 165 165 0
3346 165 166 0
3347 165 165 0
3348 165 165 0
3349 165 165 0
3350 165 166 0
3351 165 166 0
3352 165 165 0
3353 165 165 0
3354 165 165 0
3355 165 168 0
3356 165 166 0
3357 165 165 0
3358 165 165 0
3359 165 165 0
3360 165 165 0
3361 165 167 0
3362 165 165 0
3363 165 165 0
3364 165 165 0
3365 165 171 0
3366 165 166 0
3367 165 166 0
3368 165 165 0
3369 165 165 0
3370 165 165 0
3371 165 165 0
3372 165 166 0
3373 165 165 0
3374 165 165 0
3375 165 165 0
3376 165 166 0
3377 166 166 3236
3378 166 170 3236
3379 166 169 1383
3380 166 167 1383
3381 166 167 3373
3382 166 166 3373
3383 166 176 3369
3384 166 167 3369
3385 166 171 3286
3386 166 166 3286
3387 166 169 2697
3388 166 169 2697
3389 166 166 2748
3390 166 166 2748
3391 166 174 0
3392 166 176 0
3393 166 166 0
3394 166 171 0
3395 166 166 0
3396 166 166 0
3397 166 167 0
3398 166 166 0
3399 166 166 0
3400 166 167 0
3401 166 166 0
3402 166 177 0
3403 166 169 0
3404 166 171 0
3405 166 166 0
3406 166 167 0
3407 166 166 0
3408 166 166 0
3409 166 166 0
3410 166 166 0
3411 166 167 0
3412 166 166 0
3413 166 166 0
3414 166 166 0
3415 166 166 0
3416 166 167 0
3417 166 168 0
3418 166 166 0
3419 166 167 0
3420 166 173 0
3421 166 167 0
3422 166 182 0
3423 166 169 0
3424 166 166 0
3425 166 166 0
3426 166 166 0
3427 166 166 0
3428 166 166 0
3429 166 167 0
3430 166 166 0
3431 166 168 0
3432 166 166 0
3433 166 166 0
3434 166 166 0
3435 166 166 0
3436 166 166 0
3437 166 166 0
3438 166 166 0
3439 166 166 0
3440 166 172 0
3441 166 167 0
3442 166 168 0
3443 166 166 0
3444 166 170 0
3445 166 166 0
3446 166 166 0
3447 166 166 0
3448 166 166 0
3449 166 166 0
3450 166 166 0
3451 166 166 0
3452 166 167 0
3453 166 182 0
3454 166 168 0
3455 166 166 0
3456 166 167 0
3457 166 166 0
3458 166 166 0
3459 166 176 0
3460 166 166 0
3461 166 179 0
3462 166 166 0
3463 166 167 0
3464 166 171 0
3465 166 166 0
3466 166 166 0
3467 166 167 0
3468 166 167 0
3469 166 166 0
3470 166 170 0
3471 166 166 0
3472 166 176 0
3473 166 166 0
3474 166 166 0
3475 166 167 0
3476 166 166 0
3477 166 177 0
3478 166 166 0
3479 166 166 0
3480 166 166 0
3481 166 166 0
3482 166 166 0
3483 166 166 0
3484 166 167 0
3485 166 168 0
3486 166 180 0
3487 166 167 0
3488 166 194 0
3489 166 166 0
3490 166 166 0
3491 166 169 0
3492 166 166 0
3493 166 166 0
3494 166 166 0
3495 166 166 0
3496 166 166 0
3497 166 167 0
3498 166 173 0
3499 166 166 0
3500 167 169 3437
3501 167 167 3437
3502 167 167 3426
3503 167 167 3426
3504 167 167 3376
3505 167 171 3376
3506 167 168 3377
3507 167 171 3377
3508 167 169 0
3509 167 167 0
3510 167 167 0
3511 167 167 0
3512 167 167 0
3513 167 167 0
3514 167 170 0
3515 167 168 0
3516 167 167 0
3517 167 167 0
3518 167 167 0
3519 167 194 0
3520 167 167 0
3521 167 187 0
3522 167 167 0
3523 167 167 0
3524 167 167 0
3525 167 167 0
3526 167 167 0
3527 167 171 0
3528 167 167 0
3529 167 167 0
3530 167 167 0
3531 167 167 0
3532 167 171 0
3533 167 169 0
3534 167 167 0
3535 167 167 0
3536 167 169 0
3537 167 170 0
3538 167 167 0
3539 167 169 0
3540 167 167 0
3541 167 174 0
3542 167 193 0
3543 167 167 0
3544 167 169 0
3545 167 167 0
3546 167 167 0
3547 167 167 0
3548 167 168 0
3549 167 169 0
3550 167 168 0
3551 167 168 0
3552 167 167 0
3553 167 167 0
3554 167 167 0
3555 167 167 0
3556 167 167 0
3557 167 167 0
3558 167 167 0
3559 167 194 0
3560 167 175 0
3561 167 167 0
3562 167 172 0
3563 167 167 0
3564 167 167 0
3565 167 167 0
3566 167 167 0
3567 167 168 0
3568 167 169 0
3569 167 175 0
3570 167 167 0
3571 167 168 0
3572 167 169 0
3573 167 169 0
3574 167 171 0
3575 167 167 0
3576 167 168 0
3577 167 167 0
3578 167 167 0
3579 167 167 0
3580 167 167 0
3581 167 167 0
3582 167 174 0
3583 167 167 0
3584 167 169 0
3585 167 167 0
3586 167 168 0
3587 167 168 0
3588 167 167 0
3589 167 167 0
3590 167 168 0
3591 167 167 0
3592 167 167 0
3593 167 168 0
3594 167 167 0
3595 167 167 0
3596 167 168 0
3597 167 168 0
3598 167 168 0
3599 167 167 0
3600 167 167 0
3601 167 167 0
3602 167 167 0
3603 167 167 0
3604 167 168 0
3605 167 167 0
3606 167 167 0
3607 167 167 0
3608 167 167 0
3609 167 167 0
3610 167 167 0
3611 167 167 0
3612 167 167 0
3613 167 167 0
3614 167 168 0
3615 168 168 3612
3616 168 169 3612
3617 168 168 3594
3618 168 169 3594
3619 168 168 3555
3620 168 168 3555
3621 168 172 3085
3622 168 172 3085
3623 168 171 3497
3624 168 169 3497
3625 168 168 3411
3626 168 176 3411
3627 168 168 2975
3628 168 168 2975
3629 168 168 0
3630 168 169 0
3631 168 168 0
3632 168 168 0
3633 168 168 0
3634 168 183 0
3635 168 173 0
3636 168 169 0
3637 168 169 0
3638 168 168 0
3639 168 168 0
3640 168 168 0
3641 168 168 0
3642 168 168 0
3643 168 171 0
3644 168 168 0
3645 168 168 0
3646 168 173 0
3647 168 168 0
3648 168 178 0
3649 168 170 0
3650 168 168 0
3651 168 168 0
3652 168 170 0
3653 168 168 0
3654 168 168 0
3655 168 177 0
3656 168 169 0
3657 168 168 0
3658 168 168 0
3659 168 169 0
3660 168 168 0
3661 168 168 0
3662 168 168 0
3663 168 168 0
3664 168 168 0
3665 168 169 0
3666 168 171 0
3667 168 168 0
3668 168 168 0
3669 168 178 0
3670 168 168 0
3671 168 170 0
3672 168 168 0
3673 168 169 0
3674 168 168 0
3675 168 168 0
3676 168 168 0
3677 168 168 0
3678 168 168 0
3679 168 169 0
3680 168 169 0
3681 168 168 0
3682 168 169 0
3683 168 168 0
3684 168 168 0
3685 168 168 0
3686 168 172 0
3687 168 168 0
3688 168 168 0
3689 168 168 0
3690 168 168 0
3691 168 168 0
3692 168 168 0
3693 168 168 0
3694 168 168 0
3695 168 168 0
3696 168 168 0
3697 168 168 0
3698 168 168 0
3699 168 168 0
3700 168 168 0
3701 168 168 0
3702 168 175 0
3703 168 168 0
3704 168 171 0
3705 168 171 0
3706 168 168 0
3707 168 170 0
3708 168 168 0
3709 168 169 0
3710 168 168 0
3711 168 183 0
3712 168 170 0
3713 168 183 0
3714 168 168 0
3715 168 168 0
3716 168 168 0
3717 168 168 0
3718 168 168 0
3719 168 186 0
3720 168 169 0
3721 168 168 0
3722 168 170 0
3723 168 177 0
3724 168 169 0
3725 168 168 0
3726 168 168 0
3727 168 168 0
3728 168 168 0
3729 168 168 0
3730 168 168 0
3731 168 168 0
3732 168 180 0
3733 168 168 0
3734 168 168 0
3735 168 168 0
3736 169 170 3614
3737 169 169 3614
3738 169 169 3604
3739 169 170 3604
3740 169 169 3571
3741 169 169 3571
3742 169 169 3638
3743 169 169 3638
3744 169 173 3417
3745 169 171 3417
3746 169 177 0
3747 169 173 0
3748 169 169 0
3749 169 194 0
3750 169 173 0
3751 169 169 0
3752 169 169 0
3753 169 169 0
3754 169 169 0
3755 169 169 0
3756 169 169 0
3757 169 169 0
3758 169 169 0
3759 169 169 0
3760 169 169 0
3761 169 180 0
3762 169 169 0
3763 169 169 0
3764 169 173 0
3765 169 169 0
3766 169 171 0
3767 169 169 0
3768 169 169 0
3769 169 186 0
3770 169 169 0
3771 169 175 0
3772 169 169 0
3773 169 170 0
3774 169 169 0
3775 169 169 0
3776 169 170 0
3777 169 169 0
3778 169 169 0
3779 169 169 0
3780 169 169 0
3781 169 170 0
3782 169 185 0
3783 169 169 0
3784 169 169 0
3785 169 171 0
3786 169 169 0
3787 169 169 0
3788 169 169 0
3789 169 169 0
3790 169 169 0
3791 169 184 0
3792 169 169 0
3793 169 170 0
3794 169 176 0
3795 169 169 0
3796 169 171 0
3797 169 169 0
3798 169 169 0
3799 169 169 0
3800 169 170 0
3801 169 169 0
3802 169 169 0
3803 169 169 0
3804 169 169 0
3805 169 169 0
3806 169 169 0
3807 169 172 0
3808 169 169 0
3809 169 169 0
3810 169 169 0
3811 169 169 0
3812 169 169 0
3813 169 169 0
3814 169 169 0
3815 169 169 0
3816 169 175 0
3817 169 169 0
3818 169 169 0
3819 169 169 0
3820 169 175 0
3821 169 178 0
3822 169 169 0
3823 169 177 0
3824 169 169 0
3825 169 172 0
3826 169 169 0
3827 169 169 0
3828 169 169 0
3829 169 169 0
3830 169 171 0
3831 169 172 0
3832 169 169 0
3833 169 169 0
3834 169 169 0
3835 169 169 0
3836 169 169 0
3837 169 169 0
3838 169 173 0
3839 169 169 0
3840 169 174 0
3841 169 169 0
3842 169 176 0
3843 169 169 0
3844 169 169 0
3845 169 169 0
3846 169 169 0
3847 169 179 0
3848 169 172 0
3849 169 183 0
3850 169 169 0
3851 169 170 0
3852 169 169 0
3853 169 169 0
3854 169 178 0
3855 169 170 0
3856 170 194 3549
3857 170 194 3549
3858 170 170 3818
3859 170 170 3818
3860 170 174 3572
3861 170 173 3572
3862 170 171 3636
3863 170 171 3636
3864 170 170 3423
3865 170 170 3423
3866 170 173 3826
3867 170 173 3826
3868 170 172 3767
3869 170 170 3767
3870 170 170 3536
3871 170 171 3536
3872 170 170 3220
3873 170 170 3220
3874 170 175 0
3875 170 176 0
3876 170 186 0
3877 170 170 0
3878 170 172 0
3879 170 176 0
3880 170 170 0
3881 170 170 0
3882 170 172 0
3883 170 170 0
3884 170 170 0
3885 170 170 0
3886 170 170 0
3887 170 194 0
3888 170 170 0
3889 170 170 0
3890 170 171 0
3891 170 170 0
3892 170 175 0
3893 170 170 0
3894 170 170 0
3895 170 170 0
3896 170 170 0
3897 170 184 0
3898 170 170 0
3899 170 171 0
3900 170 170 0
3901 170 170 0
3902 170 171 0
3903 170 171 0
3904 170 171 0
3905 170 170 0
3906 170 171 0
3907 170 176 0
3908 170 170 0
3909 170 171 0
3910 170 186 0
3911 170 172 0
3912 170 172 0
3913 170 170 0
3914 170 171 0
3915 170 170 0
3916 170 171 0
3917 170 170 0
3918 170 170 0
3919 170 170 0
3920 170 170 0
3921 170 175 0
3922 170 170 0
3923 170 170 0
3924 170 170 0
3925 170 170 0
3926 170 170 0
3927 170 172 0
3928 170 177 0
3929 170 170 0
3930 170 170 0
3931 170 170 0
3932 170 170 0
3933 170 173 0
3934 170 170 0
3935 170 171 0
3936 170 170 0
3937 170 171 0
3938 170 170 0
3939 170 170 0
3940 170 171 0
3941 170 170 0
3942 170 180 0
3943 170 173 0
3944 170 171 0
3945 170 170 0
3946 170 170 0
3947 170 170 0
3948 170 170 0
3949 170 170 0
3950 170 174 0
3951 170 172 0
3952 170 170 0
3953 170 170 0
3954 170 171 0
3955 170 173 0
3956 170 171 0
3957 170 170 0
3958 170 170 0
3959 170 171 0
3960 170 170 0
3961 170 170 0
3962 170 194 0
3963 170 178 0
3964 170 170 0
3965 170 171 0
3966 170 171 0
3967 170 170 0
3968 170 171 0
3969 170 170 0
3970 170 170 0
3971 170 171 0
3972 170 170 0
3973 170 176 0
3974 170 170 0
3975 171 171 3266
3976 171 172 3266
3977 171 181 3883
3978 171 184 3883
3979 171 173 3649
3980 171 177 3649
3981 171 176 3855
3982 171 172 3855
3983 171 171 0
3984 171 171 0
3985 171 175 0
3986 171 171 0
3987 171 180 0
3988 171 171 0
3989 171 171 0
3990 171 171 0
3991 171 171 0
3992 171 174 0
3993 171 171 0
3994 171 171 0
3995 171 192 0
3996 171 185 0
3997 171 175 0
3998 171 171 0
3999 171 171 0
4000 171 171 0
4001 171 177 0
4002 171 171 0
4003 171 171 0
4004 171 171 0
4005 171 176 0
4006 171 172 0
4007 171 171 0
4008 171 179 0
4009 171 172 0
4010 171 171 0
4011 171 171 0
4012 171 171 0
4013 171 171 0
4014 171 175 0
4015 171 171 0
4016 171 171 0
4017 171 176 0
4018 171 172 0
4019 171 171 0
4020 171 171 0
4021 171 171 0
4022 171 171 0
4023 171 184 0
4024 171 171 0
4025 171 173 0
4026 171 172 0
4027 171 171 0
4028 171 174 0
4029 171 173 0
4030 171 172 0
4031 171 171 0
4032 171 172 0
4033 171 171 0
4034 171 194 0
4035 171 172 0
4036 171 171 0
4037 171 171 0
4038 171 172 0
4039 171 172 0
4040 171 171 0
4041 171 171 0
4042 171 171 0
4043 171 175 0
4044 171 171 0
4045 171 171 0
4046 171 171 0
4047 171 171 0
4048 171 171 0
4049 171 174 0
4050 171 178 0
4051 171 171 0
4052 171 171 0
4053 171 172 0
4054 171 173 0
4055 171 171 0
4056 171 172 0
4057 171 171 0
4058 171 172 0
4059 171 171 0
4060 171 171 0
4061 171 175 0
4062 171 172 0
4063 171 173 0
4064 171 172 0
4065 171 173 0
4066 171 173 0
4067 171 171 0
4068 171 171 0
4069 171 172 0
4070 171 173 0
4071 171 173 0
4072 171 171 0
4073 171 171 0
4074 171 178 0
4075 171 192 0
4076 171 171 0
4077 171 171 0
4078 171 191 0
4079 171 171 0
4080 171 173 0
4081 171 171 0
4082 171 171 0
4083 172 174 2901
4084 172 173 2901
4085 172 172 3365
4086 172 178 3365
4087 172 172 4060
4088 172 173 4060
4089 172 179 0
4090 172 172 0
4091 172 172 0
4092 172 179 0
4093 172 172 0
4094 172 177 0
4095 172 172 0
4096 172 172 0
4097 172 172 0
4098 172 172 0
4099 172 172 0
4100 172 182 0
4101 172 177 0
4102 172 179 0
4103 172 172 0
4104 172 172 0
4105 172 178 0
4106 172 183 0
4107 172 193 0
4108 172 172 0
4109 172 178 0
4110 172 182 0
4111 172 175 0
4112 172 174 0
4113 172 174 0
4114 172 172 0
4115 172 179 0
4116 172 174 0
4117 172 173 0
4118 172 173 0
4119 172 172 0
4120 172 173 0
4121 172 172 0
4122 172 177 0
4123 172 172 0
4124 172 177 0
4125 172 174 0
4126 172 172 0
4127 172 175 0
4128 172 172 0
4129 172 178 0
4130 172 175 0
4131 172 172 0
4132 172 172 0
4133 172 188 0
4134 172 177 0
4135 172 172 0
4136 172 172 0
4137 172 172 0
4138 172 172 0
4139 172 176 0
4140 172 173 0
4141 172 172 0
4142 172 172 0
4143 172 172 0
4144 172 172 0
4145 172 173 0
4146 172 172 0
4147 172 175 0
4148 172 173 0
4149 172 172 0
4150 172 174 0
4151 172 172 0
4152 172 172 0
4153 172 174 0
4154 172 172 0
4155 172 172 0
4156 172 173 0
4157 172 172 0
4158 172 172 0
4159 172 173 0
4160 172 172 0
4161 172 172 0
4162 172 182 0
4163 172 172 0
4164 172 176 0
4165 172 172 0
4166 172 172 0
4167 172 177 0
4168 172 172 0
4169 172 173 0
4170 172 173 0
4171 172 172 0
4172 172 175 0
4173 172 172 0
4174 172 173 0
4175 172 173 0
4176 172 177 0
4177 172 173 0
4178 172 175 0
4179 172 172 0
4180 172 175 0
4181 172 191 0
4182 172 177 0
4183 172 174 0
4184 172 173 0
4185 172 172 0
4186 172 174 0
4187 172 172 0
4188 173 177 3825
4189 173 173 3825
4190 173 173 0
4191 173 176 0
4192 173 174 0
4193 173 173 0
4194 173 176 0
4195 173 173 0
4196 173 173 0
4197 173 180 0
4198 173 173 0
4199 173 173 0
4200 173 193 0
4201 173 173 0
4202 173 173 0
4203 173 174 0
4204 173 173 0
4205 173 177 0
4206 173 173 0
4207 173 173 0
4208 173 173 0
4209 173 179 0
4210 173 173 0
4211 173 173 0
4212 173 173 0
4213 173 173 0
4214 173 187 0
4215 173 174 0
4216 173 174 0
4217 173 176 0
4218 173 178 0
4219 173 173 0
4220 173 188 0
4221 173 179 0
4222 173 173 0
4223 173 194 0
4224 173 173 0
4225 173 178 0
4226 173 174 0
4227 173 173 0
4228 173 173 0
4229 173 173 0
4230 173 173 0
4231 173 173 0
4232 173 173 0
4233 173 179 0
4234 173 173 0
4235 173 173 0
4236 173 173 0
4237 173 173 0
4238 173 173 0
4239 173 177 0
4240 173 190 0
4241 173 187 0
4242 173 182 0
4243 173 173 0
4244 173 173 0
4245 173 173 0
4246 173 175 0
4247 173 173 0
4248 173 173 0
4249 173 173 0
4250 173 173 0
4251 173 174 0
4252 173 177 0
4253 173 175 0
4254 173 175 0
4255 173 173 0
4256 173 173 0
4257 173 173 0
4258 173 173 0
4259 173 173 0
4260 173 173 0
4261 173 173 0
4262 173 173 0
4263 173 174 0
4264 173 173 0
4265 173 192 0
4266 173 183 0
4267 173 185 0
4268 173 180 0
4269 173 173 0
4270 173 173 0
4271 173 174 0
4272 174 176 0
4273 174 174 0
4274 174 174 0
4275 174 174 0
4276 174 176 0
4277 174 174 0
4278 174 174 0
4279 174 177 0
4280 174 174 0
4281 174 174 0
4282 174 175 0
4283 174 174 0
4284 174 174 0
4285 174 174 0
4286 174 174 0
4287 174 176 0
4288 174 179 0
4289 174 174 0
4290 174 174 0
4291 174 174 0
4292 174 174 0
4293 174 174 0
4294 174 175 0
4295 174 177 0
4296 174 174 0
4297 174 174 0
4298 174 174 0
4299 174 174 0
4300 174 174 0
4301 174 176 0
4302 174 174 0
4303 174 174 0
4304 174 174 0
4305 174 174 0
4306 174 174 0
4307 174 194 0
4308 174 174 0
4309 174 179 0
4310 174 174 0
4311 174 175 0
4312 174 180 0
4313 174 174 0
4314 174 174 0
4315 174 174 0
4316 174 175 0
4317 174 174 0
4318 174 175 0
4319 174 174 0
4320 174 191 0
4321 174 175 0
4322 174 176 0
4323 174 174 0
4324 174 175 0
4325 174 176 0
4326 174 175 0
4327 174 177 0
4328 174 174 0
4329 174 174 0
4330 174 178 0
4331 174 176 0
4332 174 175 0
4333 174 175 0
4334 174 176 0
4335 174 174 0
4336 174 174 0
4337 174 194 0
4338 174 176 0
4339 174 174 0
4340 174 174 0
4341 174 175 0
4342 174 177 0
4343 174 175 0
4344 174 174 0
4345 174 179 0
4346 174 194 0
4347 174 179 0
4348 174 175 0
4349 174 174 0
4350 174 174 0
4351 174 174 0
4352 174 174 0
4353 174 176 0
4354 174 175 0
4355 174 194 0
4356 174 174 0
4357 174 177 0
4358 174 175 0
4359 174 174 0
4360 174 174 0
4361 174 174 0
4362 174 174 0
4363 174 174 0
4364 174 174 0
4365 174 174 0
4366 175 181 3391
4367 175 175 3391
4368 175 191 2335
4369 175 185 2335
4370 175 175 4339
4371 175 178 4339
4372 175 175 4290
4373 175 187 4290
4374 175 181 4352
4375 175 175 4352
4376 175 175 3860
4377 175 186 3860
4378 175 194 0
4379 175 175 0
4380 175 177 0
4381 175 175 0
4382 175 175 0
4383 175 175 0
4384 175 175 0
4385 175 175 0
4386 175 175 0
4387 175 175 0
4388 175 175 0
4389 175 180 0
4390 175 175 0
4391 175 178 0
4392 175 175 0
4393 175 175 0
4394 175 175 0
4395 175 176 0
4396 175 175 0
4397 175 176 0
4398 175 175 0
4399 175 177 0
4400 175 175 0
4401 175 175 0
4402 175 175 0
4403 175 177 0
4404 175 175 0
4405 175 175 0
4406 175 175 0
4407 175 175 0
4408 175 175 0
4409 175 175 0
4410 175 175 0
4411 175 175 0
4412 175 175 0
4413 175 175 0
4414 175 179 0
4415 175 175 0
4416 175 178 0
4417 175 180 0
4418 175 185 0
4419 175 176 0
4420 175 177 0
4421 175 176 0
4422 175 176 0
4423 175 179 0
4424 175 175 0
4425 175 176 0
4426 175 175 0
4427 175 176 0
4428 175 175 0
4429 175 175 0
4430 175 175 0
4431 175 175 0
4432 175 177 0
4433 175 175 0
4434 175 175 0
4435 175 185 0
4436 175 176 0
4437 175 175 0
4438 175 175 0
4439 175 175 0
4440 175 175 0
4441 175 178 0
4442 175 175 0
4443 175 175 0
4444 175 176 0
4445 175 175 0
4446 175 194 0
4447 175 175 0
4448 175 176 0
4449 175 175 0
4450 175 176 0
4451 175 175 0
4452 175 176 0
4453 175 176 0
4454 175 179 0
4455 175 175 0
4456 175 177 0
4457 175 175 0
4458 175 175 0
4459 175 176 0
4460 175 193 0
4461 175 179 0
4462 175 176 0
4463 175 176 0
4464 175 190 0
4465 175 175 0
4466 175 175 0
4467 176 176 2096
4468 176 193 2096
4469 176 177 4390
4470 176 192 4390
4471 176 176 4321
4472 176 176 4321
4473 176 176 0
4474 176 176 0
4475 176 176 0
4476 176 179 0
4477 176 177 0
4478 176 177 0
4479 176 176 0
4480 176 176 0
4481 176 179 0
4482 176 194 0
4483 176 185 0
4484 176 176 0
4485 176 176 0
4486 176 176 0
4487 176 176 0
4488 176 176 0
4489 176 194 0
4490 176 176 0
4491 176 176 0
4492 176 177 0
4493 176 179 0
4494 176 176 0
4495 176 176 0
4496 176 176 0
4497 176 176 0
4498 176 176 0
4499 176 176 0
4500 176 176 0
4501 176 176 0
4502 176 176 0
4503 176 176 0
4504 176 176 0
4505 176 177 0
4506 176 176 0
4507 176 186 0
4508 176 180 0
4509 176 181 0
4510 176 176 0
4511 176 177 0
4512 176 176 0
4513 176 181 0
4514 176 176 0
4515 176 177 0
4516 176 185 0
4517 176 176 0
4518 176 176 0
4519 176 183 0
4520 176 176 0
4521 176 178 0
4522 176 176 0
4523 176 176 0
4524 176 176 0
4525 176 177 0
4526 176 176 0
4527 176 179 0
4528 176 185 0
4529 176 176 0
4530 176 176 0
4531 176 176 0
4532 176 176 0
4533 176 176 0
4534 176 176 0
4535 176 176 0
4536 176 176 0
4537 176 194 0
4538 176 176 0
4539 176 176 0
4540 176 176 0
4541 176 176 0
4542 176 176 0
4543 176 187 0
4544 176 176 0
4545 176 176 0
4546 176 176 0
4547 176 177 0
4548 176 176 0
4549 176 176 0
4550 176 180 0
4551 176 178 0
4552 176 178 0
4553 176 177 0
4554 176 176 0
4555 176 177 0
4556 176 177 0
4557 176 176 0
4558 176 177 0
4559 176 177 0
4560 176 176 0
4561 176 176 0
4562 176 176 0
4563 176 176 0
4564 176 176 0
4565 176 176 0
4566 176 176 0
4567 176 176 0
4568 176 177 0
4569 176 181 0
4570 177 178 3198
4571 177 182 3198
4572 177 177 3201
4573 177 194 3201
4574 177 177 4276
4575 177 177 4276
4576 177 178 0
4577 177 194 0
4578 177 179 0
4579 177 177 0
4580 177 177 0
4581 177 177 0
4582 177 177 0
4583 177 186 0
4584 177 178 0
4585 177 177 0
4586 177 180 0
4587 177 177 0
4588 177 177 0
4589 177 182 0
4590 177 194 0
4591 177 177 0
4592 177 177 0
4593 177 179 0
4594 177 177 0
4595 177 179 0
4596 177 194 0
4597 177 183 0
4598 177 177 0
4599 177 177 0
4600 177 177 0
4601 177 178 0
4602 177 177 0
4603 177 184 0
4604 177 177 0
4605 177 177 0
4606 177 179 0
4607 177 177 0
4608 177 177 0
4609 177 181 0
4610 177 177 0
4611 177 177 0
4612 177 177 0
4613 177 177 0
4614 177 178 0
4615 177 181 0
4616 177 177 0
4617 177 178 0
4618 177 177 0
4619 177 177 0
4620 177 177 0
4621 177 177 0
4622 177 179 0
4623 177 193 0
4624 177 177 0
4625 177 184 0
4626 177 177 0
4627 177 185 0
4628 177 177 0
4629 177 177 0
4630 177 177 0
4631 177 182 0
4632 177 177 0
4633 177 178 0
4634 177 177 0
4635 177 194 0
4636 177 189 0
4637 177 177 0
4638 177 177 0
4639 177 177 0
4640 177 179 0
4641 177 177 0
4642 177 177 0
4643 177 177 0
4644 177 177 0
4645 177 177 0
4646 177 177 0
4647 177 180 0
4648 177 177 0
4649 177 178 0
4650 177 178 0
4651 177 178 0
4652 177 177 0
4653 177 177 0
4654 177 177 0
4655 177 191 0
4656 177 181 0
4657 177 177 0
4658 177 177 0
4659 177 180 0
4660 177 177 0
4661 177 177 0
4662 177 177 0
4663 177 184 0
4664 177 177 0
4665 177 177 0
4666 177 177 0
4667 177 181 0
4668 177 180 0
4669 177 178 0
4670 177 177 0
4671 177 177 0
4672 177 177 0
4673 177 177 0
4674 177 177 0
4675 177 177 0
4676 177 179 0
4677 177 181 0
4678 177 180 0
4679 177 179 0
4680 177 178 0
4681 177 177 0
4682 177 180 0
4683 177 177 0
4684 177 177 0
4685 177 177 0
4686 177 177 0
4687 177 177 0
4688 177 177 0
4689 177 178 0
4690 177 182 0
4691 177 179 0
4692 177 179 0
4693 177 177 0
4694 177 178 0
4695 177 182 0
4696 178 178 0
4697 178 179 0
4698 178 179 0
4699 178 194 0
4700 178 178 0
4701 178 178 0
4702 178 178 0
4703 178 178 0
4704 178 178 0
4705 178 179 0
4706 178 179 0
4707 178 179 0
4708 178 178 0
4709 178 181 0
4710 178 183 0
4711 178 178 0
4712 178 194 0
4713 178 179 0
4714 178 178 0
4715 178 180 0
4716 178 190 0
4717 178 179 0
4718 178 178 0
4719 178 178 0
4720 178 184 0
4721 178 178 0
4722 178 180 0
4723 178 179 0
4724 178 183 0
4725 178 192 0
4726 178 181 0
4727 178 178 0
4728 178 178 0
4729 178 179 0
4730 178 185 0
4731 178 179 0
4732 178 178 0
4733 178 178 0
4734 178 178 0
4735 178 181 0
4736 178 178 0
4737 178 181 0
4738 178 178 0
4739 178 178 0
4740 178 178 0
4741 178 182 0
4742 178 178 0
4743 178 178 0
4744 178 178 0
4745 178 181 0
4746 178 180 0
4747 178 178 0
4748 178 178 0
4749 178 179 0
4750 178 178 0
4751 178 178 0
4752 178 178 0
4753 178 178 0
4754 178 184 0
4755 178 178 0
4756 178 186 0
4757 178 178 0
4758 178 178 0
4759 178 178 0
4760 178 178 0
4761 178 183 0
4762 178 178 0
4763 178 178 0
4764 178 178 0
4765 178 179 0
4766 178 178 0
4767 178 178 0
4768 178 189 0
4769 178 178 0
4770 178 178 0
4771 178 180 0
4772 178 178 0
4773 178 178 0
4774 178 179 0
4775 178 178 0
4776 178 179 0
4777 178 178 0
4778 178 178 0
4779 178 178 0
4780 178 178 0
4781 178 178 0
4782 178 178 0
4783 178 178 0
4784 178 180 0
4785 178 180 0
4786 178 178 0
4787 178 178 0
4788 178 178 0
4789 178 178 0
4790 178 178 0
4791 178 182 0
4792 178 183 0
4793 178 178 0
4794 178 180 0
4795 178 178 0
4796 178 179 0
4797 178 178 0
4798 178 180 0
4799 178 178 0
4800 178 178 0
4801 178 178 0
4802 178 192 0
4803 178 178 0
4804 178 178 0
4805 178 178 0
4806 178 180 0
4807 178 191 0
4808 178 178 0
4809 178 194 0
4810 178 194 0
4811 178 178 0
4812 178 178 0
4813 178 178 0
4814 178 184 0
4815 178 179 0
4816 178 178 0
4817 178 178 0
4818 178 178 0
4819 179 181 4703
4820 179 180 4703
4821 179 179 4755
4822 179 179 4755
4823 179 194 0
4824 179 179 0
4825 179 179 0
4826 179 179 0
4827 179 179 0
4828 179 179 0
4829 179 179 0
4830 179 179 0
4831 179 179 0
4832 179 179 0
4833 179 179 0
4834 179 179 0
4835 179 180 0
4836 179 179 0
4837 179 179 0
4838 179 179 0
4839 179 179 0
4840 179 179 0
4841 179 179 0
4842 179 179 0
4843 179 179 0
4844 179 194 0
4845 179 179 0
4846 179 190 0
4847 179 180 0
4848 179 181 0
4849 179 182 0
4850 179 190 0
4851 179 185 0
4852 179 191 0
4853 179 179 0
4854 179 179 0
4855 179 179 0
4856 179 185 0
4857 179 180 0
4858 179 179 0
4859 179 179 0
4860 179 179 0
4861 179 179 0
4862 179 179 0
4863 179 194 0
4864 179 180 0
4865 179 185 0
4866 179 179 0
4867 179 179 0
4868 179 179 0
4869 179 180 0
4870 179 179 0
4871 179 188 0
4872 179 179 0
4873 179 179 0
4874 179 180 0
4875 179 179 0
4876 179 194 0
4877 179 179 0
4878 179 180 0
4879 179 179 0
4880 179 180 0
4881 179 179 0
4882 179 180 0
4883 179 180 0
4884 179 179 0
4885 179 179 0
4886 179 179 0
4887 179 179 0
4888 179 181 0
4889 179 182 0
4890 179 180 0
4891 179 179 0
4892 179 180 0
4893 179 179 0
4894 179 185 0
4895 179 189 0
4896 179 194 0
4897 179 179 0
4898 179 179 0
4899 179 179 0
4900 179 179 0
4901 179 179 0
4902 179 179 0
4903 179 180 0
4904 179 182 0
4905 179 179 0
4906 179 180 0
4907 179 184 0
4908 179 179 0
4909 179 179 0
4910 179 182 0
4911 179 179 0
4912 179 179 0
4913 179 179 0
4914 180 181 4476
4915 180 194 4476
4916 180 180 4875
4917 180 180 4875
4918 180 180 4873
4919 180 182 4873
4920 180 186 4092
4921 180 180 4092
4922 180 194 0
4923 180 180 0
4924 180 181 0
4925 180 194 0
4926 180 184 0
4927 180 180 0
4928 180 181 0
4929 180 188 0
4930 180 190 0
4931 180 180 0
4932 180 180 0
4933 180 180 0
4934 180 194 0
4935 180 181 0
4936 180 180 0
4937 180 180 0
4938 180 181 0
4939 180 180 0
4940 180 182 0
4941 180 180 0
4942 180 181 0
4943 180 180 0
4944 180 180 0
4945 180 182 0
4946 180 182 0
4947 180 191 0
4948 180 184 0
4949 180 185 0
4950 180 183 0
4951 180 180 0
4952 180 180 0
4953 180 194 0
4954 180 180 0
4955 180 181 0
4956 180 180 0
4957 180 181 0
4958 180 180 0
4959 180 180 0
4960 180 180 0
4961 180 180 0
4962 180 180 0
4963 180 180 0
4964 180 180 0
4965 180 190 0
4966 180 180 0
4967 180 183 0
4968 180 180 0
4969 180 180 0
4970 180 181 0
4971 180 181 0
4972 180 186 0
4973 180 180 0
4974 180 180 0
4975 180 180 0
4976 180 180 0
4977 180 180 0
4978 180 180 0
4979 180 181 0
4980 180 180 0
4981 180 184 0
4982 180 180 0
4983 180 180 0
4984 180 180 0
4985 180 182 0
4986 180 187 0
4987 180 181 0
4988 180 180 0
4989 180 180 0
4990 180 180 0
4991 180 180 0
4992 180 181 0
4993 180 181 0
4994 180 182 0
4995 180 185 0
4996 180 180 0
4997 180 182 0
4998 180 180 0
4999 180 180 0
5000 180 180 0
5001 180 180 0
5002 180 180 0
5003 180 180 0
5004 180 187 0
5005 180 186 0
5006 180 180 0
5007 180 180 0
5008 180 180 0
5009 180 180 0
5010 180 180 0
5011 180 190 0
5012 180 184 0
5013 180 182 0
5014 180 182 0
5015 180 181 0
5016 180 181 0
5017 180 182 0
5018 180 180 0
5019 180 180 0
5020 180 180 0
5021 180 180 0
5022 180 181 0
5023 180 180 0
5024 180 180 0
5025 180 194 0
5026 180 180 0
5027 180 180 0
5028 180 189 0
5029 180 180 0
5030 180 188 0
5031 180 180 0
5032 180 185 0
5033 180 181 0
5034 180 194 0
5035 180 182 0
5036 181 181 4927
5037 181 194 4927
5038 181 181 0
5039 181 181 0
5040 181 189 0
5041 181 181 0
5042 181 181 0
5043 181 181 0
5044 181 181 0
5045 181 182 0
5046 181 183 0
5047 181 194 0
5048 181 181 0
5049 181 182 0
5050 181 181 0
5051 181 181 0
5052 181 181 0
5053 181 181 0
5054 181 181 0
5055 181 181 0
5056 181 181 0
5057 181 181 0
5058 181 181 0
5059 181 182 0
5060 181 181 0
5061 181 182 0
5062 181 182 0
5063 181 185 0
5064 181 182 0
5065 181 181 0
5066 181 181 0
5067 181 181 0
5068 181 185 0
5069 181 181 0
5070 181 181 0
5071 181 181 0
5072 181 181 0
5073 181 181 0
5074 181 188 0
5075 181 181 0
5076 181 190 0
5077 181 182 0
5078 181 181 0
5079 181 182 0
5080 181 181 0
5081 181 194 0
5082 181 181 0
5083 181 181 0
5084 181 181 0
5085 181 181 0
5086 181 187 0
5087 181 182 0
5088 181 181 0
5089 181 186 0
5090 181 181 0
5091 181 181 0
5092 181 181 0
5093 181 181 0
5094 181 181 0
5095 181 181 0
5096 181 181 0
5097 181 181 0
5098 181 181 0
5099 181 181 0
5100 181 181 0
5101 181 181 0
5102 181 184 0
5103 181 181 0
5104 181 181 0
5105 181 189 0
5106 181 184 0
5107 181 184 0
5108 181 181 0
5109 181 181 0
5110 181 187 0
5111 181 181 0
5112 181 182 0
5113 181 181 0
5114 181 184 0
5115 181 181 0
5116 181 181 0
5117 181 183 0
5118 181 181 0
5119 181 181 0
5120 181 181 0
5121 181 181 0
5122 181 181 0
5123 181 181 0
5124 181 181 0
5125 181 181 0
5126 181 181 0
5127 181 185 0
5128 181 181 0
5129 181 194 0
5130 181 181 0
5131 181 181 0
5132 181 181 0
5133 181 181 0
5134 181 181 0
5135 181 188 0
5136 181 194 0
5137 181 181 0
5138 181 181 0
5139 181 184 0
5140 181 181 0
5141 181 181 0
5142 181 181 0
5143 181 186 0
5144 181 181 0
5145 181 181 0
5146 181 181 0
5147 181 181 0
5148 181 181 0
5149 181 184 0
5150 181 193 0
5151 181 182 0
5152 182 182 4970
5153 182 182 4970
5154 182 182 0
5155 182 190 0
5156 182 182 0
5157 182 194 0
5158 182 182 0
5159 182 182 0
5160 182 191 0
5161 182 182 0
5162 182 182 0
5163 182 182 0
5164 182 182 0
5165 182 194 0
5166 182 182 0
5167 182 182 0
5168 182 194 0
5169 182 182 0
5170 182 183 0
5171 182 183 0
5172 182 182 0
5173 182 184 0
5174 182 182 0
5175 182 182 0
5176 182 182 0
5177 182 182 0
5178 182 185 0
5179 182 184 0
5180 182 182 0
5181 182 183 0
5182 182 182 0
5183 182 182 0
5184 182 184 0
5185 182 184 0
5186 182 182 0
5187 182 183 0
5188 182 187 0
5189 182 182 0
5190 182 182 0
5191 182 182 0
5192 182 182 0
5193 182 183 0
5194 182 182 0
5195 182 183 0
5196 182 182 0
5197 182 182 0
5198 182 183 0
5199 182 182 0
5200 182 182 0
5201 182 182 0
5202 182 185 0
5203 182 182 0
5204 182 182 0
5205 182 182 0
5206 182 182 0
5207 182 182 0
5208 182 182 0
5209 182 183 0
5210 182 194 0
5211 182 182 0
5212 182 191 0
5213 182 183 0
5214 182 182 0
5215 182 184 0
5216 182 182 0
5217 182 188 0
5218 182 182 0
5219 182 188 0
5220 182 183 0
5221 182 183 0
5222 182 182 0
5223 182 193 0
5224 182 182 0
5225 182 182 0
5226 182 182 0
5227 182 194 0
5228 182 187 0
5229 182 188 0
5230 182 182 0
5231 182 182 0
5232 182 189 0
5233 182 185 0
5234 182 183 0
5235 182 182 0
5236 182 183 0
5237 182 183 0
5238 182 182 0
5239 182 182 0
5240 182 184 0
5241 182 182 0
5242 182 184 0
5243 182 183 0
5244 182 182 0
5245 182 182 0
5246 182 186 0
5247 182 182 0
5248 182 182 0
5249 182 182 0
5250 182 183 0
5251 182 192 0
5252 182 184 0
5253 182 182 0
5254 182 182 0
5255 182 182 0
5256 182 184 0
5257 182 189 0
5258 182 182 0
5259 182 182 0
5260 182 182 0
5261 182 182 0
5262 182 183 0
5263 182 193 0
5264 182 182 0
5265 182 182 0
5266 182 182 0
5267 182 182 0
5268 182 184 0
5269 182 184 0
5270 182 183 0
5271 182 194 0
5272 182 182 0
5273 182 182 0
5274 182 182 0
5275 182 185 0
5276 182 182 0
5277 182 183 0
5278 182 193 0
5279 182 190 0
5280 182 182 0
5281 182 182 0
5282 182 182 0
5283 182 182 0
5284 182 182 0
5285 182 182 0
5286 182 182 0
5287 183 183 4100
5288 183 194 4100
5289 183 194 0
5290 183 194 0
5291 183 183 0
5292 183 183 0
5293 183 183 0
5294 183 183 0
5295 183 190 0
5296 183 183 0
5297 183 189 0
5298 183 185 0
5299 183 183 0
5300 183 194 0
5301 183 183 0
5302 183 183 0
5303 183 186 0
5304 183 193 0
5305 183 193 0
5306 183 183 0
5307 183 186 0
5308 183 183 0
5309 183 186 0
5310 183 184 0
5311 183 183 0
5312 183 184 0
5313 183 184 0
5314 183 185 0
5315 183 189 0
5316 183 183 0
5317 183 183 0
5318 183 183 0
5319 183 183 0
5320 183 183 0
5321 183 183 0
5322 183 184 0
5323 183 186 0
5324 183 183 0
5325 183 189 0
5326 183 193 0
5327 183 190 0
5328 183 183 0
5329 183 186 0
5330 183 183 0
5331 183 187 0
5332 183 183 0
5333 183 188 0
5334 183 183 0
5335 183 187 0
5336 183 186 0
5337 183 188 0
5338 183 184 0
5339 183 183 0
5340 183 183 0
5341 183 184 0
5342 183 184 0
5343 183 183 0
5344 183 183 0
5345 183 183 0
5346 183 194 0
5347 183 187 0
5348 183 183 0
5349 183 186 0
5350 183 188 0
5351 183 183 0
5352 183 186 0
5353 183 183 0
5354 183 183 0
5355 183 187 0
5356 183 183 0
5357 183 183 0
5358 183 184 0
5359 183 188 0
5360 183 183 0
5361 183 183 0
5362 183 192 0
5363 183 190 0
5364 183 193 0
5365 183 183 0
5366 183 183 0
5367 183 188 0
5368 183 185 0
5369 183 184 0
5370 183 183 0
5371 183 183 0
5372 183 183 0
5373 183 183 0
5374 183 183 0
5375 183 183 0
5376 183 183 0
5377 183 183 0
5378 183 183 0
5379 183 184 0
5380 183 188 0
5381 183 189 0
5382 183 183 0
5383 183 183 0
5384 183 183 0
5385 183 187 0
5386 183 188 0
5387 183 184 0
5388 184 184 0
5389 184 184 0
5390 184 190 0
5391 184 187 0
5392 184 184 0
5393 184 192 0
5394 184 188 0
5395 184 184 0
5396 184 192 0
5397 184 187 0
5398 184 184 0
5399 184 184 0
5400 184 193 0
5401 184 184 0
5402 184 187 0
5403 184 194 0
5404 184 184 0
5405 184 184 0
5406 184 187 0
5407 184 184 0
5408 184 184 0
5409 184 184 0
5410 184 184 0
5411 184 184 0
5412 184 184 0
5413 184 194 0
5414 184 184 0
5415 184 184 0
5416 184 184 0
5417 184 184 0
5418 184 184 0
5419 184 184 0
5420 184 184 0
5421 184 185 0
5422 184 185 0
5423 184 184 0
5424 184 190 0
5425 184 184 0
5426 184 184 0
5427 184 184 0
5428 184 184 0
5429 184 184 0
5430 184 184 0
5431 184 187 0
5432 184 184 0
5433 184 184 0
5434 184 184 0
5435 184 186 0
5436 184 185 0
5437 184 184 0
5438 184 193 0
5439 184 191 0
5440 184 185 0
5441 184 184 0
5442 184 184 0
5443 184 184 0
5444 184 184 0
5445 184 194 0
5446 184 185 0
5447 184 187 0
5448 184 184 0
5449 184 185 0
5450 184 184 0
5451 184 184 0
5452 184 184 0
5453 184 194 0
5454 184 184 0
5455 184 184 0
5456 184 184 0
5457 184 184 0
5458 184 184 0
5459 184 184 0
5460 184 184 0
5461 184 184 0
5462 184 184 0
5463 184 184 0
5464 184 184 0
5465 184 184 0
5466 184 184 0
5467 184 184 0
5468 184 184 0
5469 184 184 0
5470 184 184 0
5471 184 187 0
5472 184 193 0
5473 184 184 0
5474 184 184 0
5475 184 184 0
5476 184 184 0
5477 184 185 0
5478 184 186 0
5479 184 194 0
5480 184 194 0
5481 184 194 0
5482 184 194 0
5483 184 187 0
5484 184 185 0
5485 185 185 0
5486 185 185 0
5487 185 185 0
5488 185 185 0
5489 185 187 0
5490 185 194 0
5491 185 185 0
5492 185 185 0
5493 185 185 0
5494 185 185 0
5495 185 185 0
5496 185 185 0
5497 185 185 0
5498 185 194 0
5499 185 190 0
5500 185 185 0
5501 185 185 0
5502 185 190 0
5503 185 185 0
5504 185 186 0
5505 185 186 0
5506 185 186 0
5507 185 193 0
5508 185 186 0
5509 185 194 0
5510 185 185 0
5511 185 185 0
5512 185 185 0
5513 185 185 0
5514 185 193 0
5515 185 185 0
5516 185 185 0
5517 185 185 0
5518 185 185 0
5519 185 193 0
5520 185 185 0
5521 185 185 0
5522 185 185 0
5523 185 185 0
5524 185 185 0
5525 185 187 0
5526 185 187 0
5527 185 192 0
5528 185 185 0
5529 185 186 0
5530 185 185 0
5531 185 187 0
5532 185 185 0
5533 185 185 0
5534 185 185 0
5535 185 185 0
5536 185 185 0
5537 185 185 0
5538 185 185 0
5539 185 192 0
5540 185 186 0
5541 185 185 0
5542 185 185 0
5543 185 187 0
5544 185 185 0
5545 185 185 0
5546 185 187 0
5547 185 185 0
5548 185 185 0
5549 185 185 0
5550 185 189 0
5551 185 185 0
5552 185 185 0
5553 185 185 0
5554 185 185 0
5555 185 185 0
5556 185 185 0
5557 185 185 0
5558 185 186 0
5559 185 188 0
5560 185 185 0
5561 185 185 0
5562 185 185 0
5563 185 185 0
5564 185 194 0
5565 185 189 0
5566 185 187 0
5567 185 185 0
5568 185 185 0
5569 185 186 0
5570 185 186 0
5571 185 185 0
5572 185 185 0
5573 185 185 0
5574 185 185 0
5575 185 192 0
5576 185 185 0
5577 185 192 0
5578 185 185 0
5579 185 185 0
5580 185 185 0
5581 186 186 5495
5582 186 189 5495
5583 186 188 5549
5584 186 187 5549
5585 186 190 5548
5586 186 194 5548
5587 186 186 0
5588 186 192 0
5589 186 194 0
5590 186 194 0
5591 186 194 0
5592 186 186 0
5593 186 186 0
5594 186 194 0
5595 186 194 0
5596 186 186 0
5597 186 186 0
5598 186 186 0
5599 186 186 0
5600 186 186 0
5601 186 186 0
5602 186 187 0
5603 186 186 0
5604 186 186 0
5605 186 188 0
5606 186 186 0
5607 186 186 0
5608 186 186 0
5609 186 186 0
5610 186 186 0
5611 186 186 0
5612 186 186 0
5613 186 186 0
5614 186 186 0
5615 186 186 0
5616 186 189 0
5617 186 190 0
5618 186 186 0
5619 186 186 0
5620 186 186 0
5621 186 186 0
5622 186 186 0
5623 186 186 0
5624 186 186 0
5625 186 194 0
5626 186 186 0
5627 186 186 0
5628 186 187 0
5629 186 187 0
5630 186 188 0
5631 186 193 0
5632 186 193 0
5633 186 186 0
5634 186 186 0
5635 186 188 0
5636 186 186 0
5637 186 188 0
5638 186 186 0
5639 186 186 0
5640 186 194 0
5641 186 186 0
5642 186 186 0
5643 186 191 0
5644 186 186 0
5645 186 186 0
5646 186 186 0
5647 186 194 0
5648 186 191 0
5649 186 188 0
5650 186 194 0
5651 186 189 0
5652 186 186 0
5653 186 186 0
5654 186 186 0
5655 186 187 0
5656 186 190 0
5657 186 186 0
5658 186 186 0
5659 186 186 0
5660 186 186 0
5661 186 186 0
5662 186 187 0
5663 186 186 0
5664 186 186 0
5665 186 194 0
5666 186 187 0
5667 186 188 0
5668 186 186 0
5669 186 191 0
5670 186 186 0
5671 186 186 0
5672 186 186 0
5673 186 186 0
5674 186 186 0
5675 186 186 0
5676 186 194 0
5677 186 186 0
5678 186 186 0
5679 186 186 0
5680 186 194 0
5681 186 186 0
5682 186 186 0
5683 186 186 0
5684 186 186 0
5685 186 189 0
5686 186 188 0
5687 186 194 0
5688 186 186 0
5689 187 187 0
5690 187 187 0
5691 187 187 0
5692 187 187 0
5693 187 187 0
5694 187 187 0
5695 187 194 0
5696 187 188 0
5697 187 187 0
5698 187 187 0
5699 187 187 0
5700 187 188 0
5701 187 187 0
5702 187 187 0
5703 187 187 0
5704 187 188 0
5705 187 193 0
5706 187 187 0
5707 187 187 0
5708 187 187 0
5709 187 190 0
5710 187 189 0
5711 187 192 0
5712 187 187 0
5713 187 187 0
5714 187 188 0
5715 187 190 0
5716 187 187 0
5717 187 187 0
5718 187 187 0
5719 187 191 0
5720 187 187 0
5721 187 191 0
5722 187 194 0
5723 187 194 0
5724 187 188 0
5725 187 187 0
5726 187 193 0
5727 187 188 0
5728 187 187 0
5729 187 187 0
5730 187 189 0
5731 187 188 0
5732 187 187 0
5733 187 188 0
5734 187 187 0
5735 187 189 0
5736 187 187 0
5737 187 194 0
5738 187 187 0
5739 187 188 0
5740 187 187 0
5741 187 187 0
5742 187 188 0
5743 187 187 0
5744 187 187 0
5745 187 187 0
5746 187 187 0
5747 187 194 0
5748 187 187 0
5749 187 193 0
5750 187 187 0
5751 187 187 0
5752 187 188 0
5753 187 189 0
5754 187 187 0
5755 187 187 0
5756 187 188 0
5757 187 187 0
5758 187 187 0
5759 187 187 0
5760 187 187 0
5761 187 188 0
5762 187 187 0
5763 187 188 0
5764 187 187 0
5765 187 187 0
5766 187 187 0
5767 187 187 0
5768 187 187 0
5769 187 189 0
5770 187 187 0
5771 187 194 0
5772 187 187 0
5773 187 194 0
5774 187 191 0
5775 187 187 0
5776 187 187 0
5777 187 190 0
5778 187 187 0
5779 187 190 0
5780 187 187 0
5781 187 187 0
5782 187 187 0
5783 187 188 0
5784 187 187 0
5785 187 187 0
5786 187 187 0
5787 187 194 0
5788 187 191 0
5789 187 189 0
5790 187 187 0
5791 187 187 0
5792 187 194 0
5793 188 188 0
5794 188 194 0
5795 188 190 0
5796 188 188 0
5797 188 188 0
5798 188 194 0
5799 188 188 0
5800 188 188 0
5801 188 188 0
5802 188 188 0
5803 188 188 0
5804 188 189 0
5805 188 188 0
5806 188 192 0
5807 188 194 0
5808 188 194 0
5809 188 193 0
5810 188 188 0
5811 188 188 0
5812 188 194 0
5813 188 188 0
5814 188 188 0
5815 188 192 0
5816 188 188 0
5817 188 188 0
5818 188 188 0
5819 188 188 0
5820 188 188 0
5821 188 188 0
5822 188 188 0
5823 188 188 0
5824 188 188 0
5825 188 194 0
5826 188 188 0
5827 188 188 0
5828 188 188 0
5829 188 188 0
5830 188 188 0
5831 188 188 0
5832 188 188 0
5833 188 194 0
5834 188 190 0
5835 188 189 0
5836 188 188 0
5837 188 189 0
5838 188 190 0
5839 188 188 0
5840 188 188 0
5841 188 188 0
5842 188 189 0
5843 188 188 0
5844 188 192 0
5845 188 188 0
5846 188 188 0
5847 188 189 0
5848 188 188 0
5849 188 188 0
5850 188 188 0
5851 188 189 0
5852 188 188 0
5853 188 188 0
5854 188 189 0
5855 188 188 0
5856 188 188 0
5857 188 188 0
5858 188 188 0
5859 188 194 0
5860 188 188 0
5861 188 188 0
5862 188 188 0
5863 188 188 0
5864 188 188 0
5865 188 188 0
5866 188 188 0
5867 188 188 0
5868 188 192 0
5869 188 188 0
5870 188 188 0
5871 188 188 0
5872 188 188 0
5873 188 189 0
5874 188 188 0
5875 188 188 0
5876 188 188 0
5877 188 189 0
5878 188 188 0
5879 188 188 0
5880 188 188 0
5881 188 188 0
5882 188 188 0
5883 188 188 0
5884 188 188 0
5885 188 191 0
5886 188 189 0
5887 188 194 0
5888 188 188 0
5889 189 189 0
5890 189 190 0
5891 189 194 0
5892 189 194 0
5893 189 189 0
5894 189 190 0
5895 189 190 0
5896 189 189 0
5897 189 189 0
5898 189 190 0
5899 189 192 0
5900 189 189 0
5901 189 192 0
5902 189 194 0
5903 189 194 0
5904 189 190 0
5905 189 189 0
5906 189 189 0
5907 189 189 0
5908 189 190 0
5909 189 189 0
5910 189 189 0
5911 189 193 0
5912 189 189 0
5913 189 189 0
5914 189 190 0
5915 189 189 0
5916 189 190 0
5917 189 190 0
5918 189 192 0
5919 189 189 0
5920 189 189 0
5921 189 189 0
5922 189 189 0
5923 189 189 0
5924 189 189 0
5925 189 189 0
5926 189 190 0
5927 189 189 0
5928 189 189 0
5929 189 189 0
5930 189 189 0
5931 189 189 0
5932 189 189 0
5933 189 191 0
5934 189 194 0
5935 189 190 0
5936 189 190 0
5937 189 189 0
5938 189 189 0
5939 189 190 0
5940 189 190 0
5941 189 189 0
5942 189 190 0
5943 189 189 0
5944 189 191 0
5945 189 189 0
5946 189 190 0
5947 189 189 0
5948 189 190 0
5949 189 190 0
5950 189 194 0
5951 189 189 0
5952 189 189 0
5953 189 191 0
5954 189 189 0
5955 189 193 0
5956 189 189 0
5957 189 189 0
5958 189 190 0
5959 189 189 0
5960 189 189 0
5961 189 193 0
5962 189 189 0
5963 189 191 0
5964 189 194 0
5965 189 189 0
5966 189 189 0
5967 189 189 0
5968 189 189 0
5969 189 189 0
5970 189 194 0
5971 189 189 0
5972 189 194 0
5973 189 189 0
5974 189 190 0
5975 189 189 0
5976 189 189 0
5977 189 189 0
5978 189 190 0
5979 189 189 0
5980 189 189 0
5981 189 190 0
5982 189 189 0
5983 189 189 0
5984 189 189 0
5985 189 189 0
5986 189 189 0
5987 189 191 0
5988 189 190 0
5989 189 189 0
5990 189 189 0
5991 189 189 0
5992 189 194 0
5993 189 194 0
5994 189 189 0
5995 189 189 0
5996 189 189 0
5997 189 192 0
5998 189 189 0
5999 189 189 0
6000 189 189 0
6001 190 190 0
6002 190 190 0
6003 190 190 0
6004 190 190 0
6005 190 190 0
6006 190 190 0
6007 190 190 0
6008 190 190 0
6009 190 190 0
6010 190 190 0
6011 190 190 0
6012 190 191 0
6013 190 190 0
6014 190 190 0
6015 190 191 0
6016 190 190 0
6017 190 194 0
6018 190 194 0
6019 190 192 0
6020 190 190 0
6021 190 190 0
6022 190 190 0
6023 190 194 0
6024 190 192 0
6025 190 194 0
6026 190 190 0
6027 190 190 0
6028 190 190 0
6029 190 190 0
6030 190 191 0
6031 190 191 0
6032 190 190 0
6033 190 191 0
6034 190 191 0
6035 190 190 0
6036 190 194 0
6037 190 190 0
6038 190 190 0
6039 190 190 0
6040 190 191 0
6041 190 190 0
6042 190 190 0
6043 190 191 0
6044 190 190 0
6045 190 190 0
6046 190 191 0
6047 190 190 0
6048 190 190 0
6049 190 193 0
6050 190 190 0
6051 190 194 0
6052 190 190 0
6053 190 190 0
6054 190 190 0
6055 190 194 0
6056 190 191 0
6057 190 194 0
6058 190 193 0
6059 190 190 0
6060 190 190 0
6061 190 190 0
6062 190 190 0
6063 190 190 0
6064 190 191 0
6065 190 194 0
6066 190 192 0
6067 190 194 0
6068 190 190 0
6069 190 190 0
6070 190 190 0
6071 190 191 0
6072 190 190 0
6073 190 191 0
6074 190 194 0
6075 190 191 0
6076 190 192 0
6077 190 190 0
6078 190 190 0
6079 190 191 0
6080 190 190 0
6081 190 190 0
6082 190 190 0
6083 190 194 0
6084 190 190 0
6085 190 190 0
6086 190 194 0
6087 190 191 0
6088 190 190 0
6089 190 190 0
6090 190 190 0
6091 190 194 0
6092 190 190 0
6093 190 191 0
6094 190 194 0
6095 190 190 0
6096 190 191 0
6097 190 194 0
6098 190 191 0
6099 190 194 0
6100 190 194 0
6101 191 194 5946
6102 191 191 5946
6103 191 192 0
6104 191 191 0
6105 191 194 0
6106 191 191 0
6107 191 191 0
6108 191 191 0
6109 191 191 0
6110 191 191 0
6111 191 191 0
6112 191 191 0
6113 191 194 0
6114 191 191 0
6115 191 194 0
6116 191 192 0
6117 191 192 0
6118 191 193 0
6119 191 192 0
6120 191 191 0
6121 191 193 0
6122 191 192 0
6123 191 193 0
6124 191 191 0
6125 191 193 0
6126 191 194 0
6127 191 192 0
6128 191 191 0
6129 191 192 0
6130 191 194 0
6131 191 191 0
6132 191 191 0
6133 191 191 0
6134 191 191 0
6135 191 194 0
6136 191 191 0
6137 191 192 0
6138 191 194 0
6139 191 191 0
6140 191 193 0
6141 191 191 0
6142 191 191 0
6143 191 191 0
6144 191 193 0
6145 191 194 0
6146 191 194 0
6147 191 192 0
6148 191 191 0
6149 191 193 0
6150 191 191 0
6151 191 191 0
6152 191 191 0
6153 191 191 0
6154 191 194 0
6155 191 191 0
6156 191 194 0
6157 191 191 0
6158 191 191 0
6159 191 191 0
6160 191 191 0
6161 191 191 0
6162 191 191 0
6163 191 191 0
6164 191 193 0
6165 191 191 0
6166 191 191 0
6167 191 194 0
6168 191 191 0
6169 191 191 0
6170 191 194 0
6171 191 194 0
6172 191 192 0
6173 191 191 0
6174 191 191 0
6175 191 194 0
6176 191 191 0
6177 191 191 0
6178 191 191 0
6179 191 191 0
6180 191 191 0
6181 191 191 0
6182 191 191 0
6183 191 191 0
6184 191 191 0
6185 191 191 0
6186 191 193 0
6187 191 194 0
6188 191 191 0
6189 191 191 0
6190 191 191 0
6191 191 191 0
6192 191 194 0
6193 191 193 0
6194 191 194 0
6195 191 191 0
6196 191 191 0
6197 191 191 0
6198 191 191 0
6199 191 191 0
6200 191 192 0
6201 191 191 0
6202 191 194 0
6203 191 191 0
6204 191 191 0
6205 191 191 0
6206 191 191 0
6207 191 191 0
6208 191 191 0
6209 191 194 0
6210 191 191 0
6211 191 191 0
6212 191 194 0
6213 191 191 0
6214 191 191 0
6215 192 194 6134
6216 192 193 6134
6217 192 192 1650
6218 192 194 1650
6219 192 194 6102
6220 192 192 6102
6221 192 194 0
6222 192 192 0
6223 192 192 0
6224 192 192 0
6225 192 193 0
6226 192 192 0
6227 192 192 0
6228 192 192 0
6229 192 194 0
6230 192 192 0
6231 192 192 0
6232 192 192 0
6233 192 194 0
6234 192 192 0
6235 192 192 0
6236 192 192 0
6237 192 194 0
6238 192 193 0
6239 192 192 0
6240 192 192 0
6241 192 194 0
6242 192 194 0
6243 192 192 0
6244 192 192 0
6245 192 192 0
6246 192 194 0
6247 192 193 0
6248 192 192 0
6249 192 192 0
6250 192 192 0
6251 192 192 0
6252 192 194 0
6253 192 192 0
6254 192 194 0
6255 192 192 0
6256 192 192 0
6257 192 194 0
6258 192 192 0
6259 192 192 0
6260 192 192 0
6261 192 193 0
6262 192 194 0
6263 192 192 0
6264 192 193 0
6265 192 194 0
6266 192 194 0
6267 192 192 0
6268 192 192 0
6269 192 192 0
6270 192 193 0
6271 192 192 0
6272 192 192 0
6273 192 192 0
6274 192 192 0
6275 192 192 0
6276 192 194 0
6277 192 192 0
6278 192 192 0
6279 192 194 0
6280 192 192 0
6281 192 192 0
6282 192 192 0
6283 192 192 0
6284 192 192 0
6285 192 192 0
6286 192 193 0
6287 192 192 0
6288 192 192 0
6289 192 194 0
6290 192 192 0
6291 192 194 0
6292 192 192 0
6293 192 192 0
6294 192 194 0
6295 192 194 0
6296 192 194 0
6297 192 192 0
6298 192 192 0
6299 192 192 0
6300 192 194 0
6301 192 192 0
6302 192 194 0
6303 192 194 0
6304 192 192 0
6305 192 194 0
6306 192 194 0
6307 192 192 0
6308 192 193 0
6309 192 192 0
6310 192 192 0
6311 192 192 0
6312 192 192 0
6313 192 192 0
6314 192 192 0
6315 192 193 0
6316 192 192 0
6317 192 192 0
6318 192 192 0
6319 192 193 0
6320 192 192 0
6321 192 192 0
6322 193 193 0
6323 193 194 0
6324 193 193 0
6325 193 194 0
6326 193 193 0
6327 193 193 0
6328 193 193 0
6329 193 193 0
6330 193 193 0
6331 193 194 0
6332 193 193 0
6333 193 194 0
6334 193 193 0
6335 193 194 0
6336 193 193 0
6337 193 193 0
6338 193 193 0
6339 193 193 0
6340 193 193 0
6341 193 193 0
6342 193 193 0
6343 193 194 0
6344 193 193 0
6345 193 193 0
6346 193 194 0
6347 193 193 0
6348 193 193 0
6349 193 193 0
6350 193 193 0
6351 193 194 0
6352 193 194 0
6353 193 193 0
6354 193 193 0
6355 193 193 0
6356 193 194 0
6357 193 194 0
6358 193 193 0
6359 193 193 0
6360 193 193 0
6361 193 194 0
6362 193 193 0
6363 193 193 0
6364 193 194 0
6365 193 193 0
6366 193 193 0
6367 193 194 0
6368 193 194 0
6369 193 193 0
6370 193 194 0
6371 193 194 0
6372 193 193 0
6373 193 193 0
6374 193 193 0
6375 193 193 0
6376 193 193 0
6377 193 193 0
6378 193 194 0
6379 193 193 0
6380 193 193 0
6381 193 194 0
6382 193 193 0
6383 193 193 0
6384 193 193 0
6385 193 193 0
6386 193 193 0
6387 193 193 0
6388 193 193 0
6389 193 194 0
6390 193 193 0
6391 193 193 0
6392 193 194 0
6393 193 193 0
6394 193 193 0
6395 193 193 0
6396 193 193 0
6397 193 193 0
6398 193 193 0
6399 193 193 0
6400 193 193 0
6401 193 193 0
6402 193 193 0
6403 193 193 0
6404 193 194 0
6405 193 193 0
6406 193 193 0
6407 193 193 0
6408 193 193 0
6409 193 194 0
6410 193 193 0
6411 193 193 0
6412 193 193 0
6413 193 194 0
6414 193 193 0
6415 193 193 0
6416 193 194 0
6417 193 193 0
6418 193 194 0
6419 193 193 0
6420 193 193 0
6421 193 193 0
6422 193 193 0
6423 193 193 0
6424 193 193 0
6425 193 193 0
6426 193 194 0
6427 193 193 0
6428 193 194 0
6429 193 194 0
6430 193 194 0
6431 194 194 6421
6432 194 194 6421
6433 194 194 0
6434 194 194 0
6435 194 194 0
6436 194 194 0
6437 194 194 0
6438 194 194 0
6439 194 194 0
6440 194 194 0
6441 194 194 0
6442 194 194 0
6443 194 194 0
6444 194 194 0
6445 194 194 0
6446 194 194 0
6447 194 194 0
6448 194 194 0
6449 194 194 0
6450 194 194 0
6451 194 194 0
6452 194 194 0
6453 194 194 0
6454 194 194 0
6455 194 194 0
6456 194 194 0
6457 194 194 0
6458 194 194 0
6459 194 194 0
6460 194 194 0
6461 194 194 0
6462 194 194 0
6463 194 194 0
6464 194 194 0
6465 194 194 0
6466 194 194 0
6467 194 194 0
6468 194 194 0
6469 194 194 0
6470 194 194 0
6471 194 194 0
6472 194 194 0
6473 194 194 0
6474 194 194 0
6475 194 194 0
6476 194 194 0
6477 194 194 0
6478 194 194 0
6479 194 194 0
6480 194 194 0
6481 194 194 0
6482 194 194 0
6483 194 194 0
6484 194 194 0
6485 194 194 0
6486 194 194 0
6487 194 194 0
6488 194 194 0
6489 194 194 0
6490 194 194 0
6491 194 194 0
6492 194 194 0
6493 194 194 0
6494 194 194 0
6495 194 194 0
6496 194 194 0
6497 194 194 0
6498 194 194 0
6499 194 194 0
6500 194 194 0
6501 194 194 0
6502 194 194 0
6503 194 194 0
6504 194 194 0
6505 194 194 0
6506 194 194 0
6507 194 194 0
6508 194 194 0
6509 194 194 0
6510 194 194 0
6511 194 194 0
6512 194 194 0
6513 194 194 0
6514 194 194 0
6515 194 194 0
6516 194 194 0
6517 194 194 0
6518 194 194 0
6519 194 194 0
6520 194 194 0
6521 194 194 0
6522 194 194 0
6523 194 194 0
6524 194 194 0
6525 194 194 0
6526 194 194 0
6527 194 194 0
6528 194 194 0
6529 194 194 0
6530 194 194 0
6531 194 194 0
6532 194 194 0
6533 194 194 0
6534 194 194 0
6535 194 194 0
6536 194 194 0
6537 194 194 0
6538 194 194 0
6539 194 194 0
6540 194 194 0
6541 194 194 0
6542 194 194 0
6543 194 194 0
6544 194 194 0
6545 194 194 0
6546 194 194 0
6547 194 194 0
6548 194 194 0
6549 194 194 0
6550 194 194 0
6551 194 194 0
6552 194 194 0
6553 194 194 0
6554 194 194 0
6555 194 194 0
6556 194 194 0
