1 0 4 0
2 0 194 0
3 0 5 0
4 0 4 0
5 4 194 0
6 4 34 0
7 5 34 0
8 5 165 0
9 6 194 0
10 7 194 0
11 11 28 0
12 18 194 0
13 18 194 0
14 19 194 0
15 19 194 0
16 24 44 0
17 25 194 0
18 29 194 0
19 29 194 0
20 35 194 0
21 35 194 0
22 35 194 0
23 35 194 0
24 35 194 0
25 35 194 0
26 35 194 0
27 35 194 0
28 35 194 0
29 35 194 0
30 35 194 0
31 45 164 0
32 45 194 0
33 45 194 0
34 52 194 0
35 52 194 0
36 58 164 0
37 58 194 0
38 59 194 0
39 59 125 0
40 59 194 0
41 59 194 0
42 59 194 0
43 59 194 0
44 59 194 0
45 60 194 0
46 60 194 0
47 60 84 0
48 60 194 0
49 60 194 0
50 60 169 0
51 61 194 0
52 61 194 0
53 64 194 0
54 66 194 0
55 68 194 0
56 69 194 0
57 70 194 0
58 71 194 0
59 80 194 0
60 80 194 0
61 82 194 0
62 84 194 0
63 85 194 0
64 85 194 0
65 85 194 0
66 85 194 0
67 85 194 0
68 85 194 0
69 86 177 0
70 86 194 0
71 86 194 0
72 86 194 0
73 86 194 0
74 86 194 0
75 86 194 0
76 87 194 0
77 87 194 0
78 87 194 0
79 87 194 0
80 87 194 0
81 87 194 0
82 87 194 0
83 87 194 0
84 87 194 0
85 87 194 0
86 88 194 0
87 88 194 0
88 88 194 0
89 88 194 0
90 88 194 0
91 89 194 0
92 89 194 0
93 89 194 0
94 89 194 0
95 89 125 0
96 90 194 0
97 97 194 0
98 97 194 0
99 98 194 0
100 98 194 0
101 99 194 0
102 101 194 0
103 101 194 0
104 102 194 0
105 103 194 0
106 105 165 0
107 106 194 0
108 106 194 0
109 108 194 0
110 109 194 0
111 111 194 0
112 112 176 0
113 113 194 0
114 115 194 0
115 117 194 0
116 117 194 0
117 118 194 0
118 118 194 0
119 118 194 0
120 119 194 0
121 119 194 0
122 119 194 0
123 119 194 0
124 119 173 0
125 120 194 0
126 120 194 0
127 120 172 0
128 120 194 0
129 120 194 0
130 120 194 0
131 120 194 0
132 120 194 0
133 120 194 0
134 120 194 0
135 120 194 0
136 121 161 0
137 121 194 0
138 121 194 0
139 121 194 0
140 121 160 0
141 121 171 0
142 121 194 0
143 121 194 0
144 121 194 0
145 121 194 0
146 121 194 0
147 121 194 0
148 122 194 0
149 122 194 0
150 122 194 0
151 122 194 0
152 122 194 0
153 122 194 0
154 123 194 0
155 123 194 0
156 123 194 0
157 123 194 0
158 123 194 0
159 123 194 0
160 124 184 0
161 124 194 0
162 124 194 0
163 124 170 0
164 124 194 0
165 124 194 0
166 125 194 0
167 125 194 0
168 125 194 0
169 125 194 0
170 126 194 0
171 126 194 0
172 126 194 0
173 126 194 0
174 127 194 0
175 127 194 0
176 127 167 0
177 127 194 0
178 127 194 0
179 129 194 0
180 129 194 0
181 129 194 0
182 129 194 0
183 129 194 0
184 129 194 0
185 130 194 0
186 130 194 0
187 131 194 0
188 131 194 0
189 132 194 0
190 133 194 0
191 135 194 0
192 136 194 0
193 137 194 0
194 138 194 0
195 138 194 0
196 139 194 0
197 143 194 0
198 145 194 0
199 146 194 0
200 146 165 0
201 147 194 0
202 148 194 0
203 152 194 0
204 154 194 0
205 154 194 0
206 155 194 0
207 155 194 0
208 156 194 0
209 156 194 0
210 156 194 0
211 158 194 0
212 159 194 0
213 159 194 0
214 159 194 0
215 159 194 0
216 160 194 0
217 161 194 0
218 161 194 0
219 161 194 0
220 161 194 0
221 161 162 0
222 161 194 0
223 162 194 0
224 162 194 0
225 162 194 0
226 162 194 0
227 162 194 0
228 163 194 0
229 163 194 0
230 163 165 0
231 163 194 0
232 163 194 0
233 163 194 0
234 163 194 0
235 163 171 0
236 163 194 0
237 163 194 0
238 163 194 0
239 163 194 0
240 163 194 0
241 164 194 0
242 164 194 0
243 164 194 0
244 164 194 0
245 164 194 0
246 165 194 0
247 165 194 0
248 165 194 0
249 165 194 0
250 165 194 0
251 165 194 0
252 165 168 0
253 165 194 0
254 165 194 0
255 165 194 0
256 166 194 0
257 166 169 0
258 166 194 0
259 166 194 0
260 166 170 0
261 166 194 0
262 166 194 0
263 166 194 0
264 166 194 0
265 166 194 0
266 166 194 0
267 166 194 0
268 166 194 0
269 166 194 0
270 166 194 0
271 166 194 0
272 166 167 0
273 166 194 0
274 166 194 0
275 166 194 0
276 167 173 0
277 167 194 0
278 167 194 0
279 167 194 0
280 167 194 0
281 167 194 0
282 167 194 0
283 167 194 0
284 167 169 0
285 167 194 0
286 167 194 0
287 167 194 0
288 168 194 0
289 168 194 0
290 168 194 0
291 168 194 0
292 168 194 0
293 168 194 0
294 168 194 0
295 168 194 0
296 168 194 0
297 168 194 0
298 168 194 0
299 168 182 0
300 169 194 0
301 169 194 0
302 169 194 0
303 169 194 0
304 169 194 0
305 169 194 0
306 169 194 0
307 169 194 0
308 169 194 0
309 169 194 0
310 170 194 0
311 170 194 0
312 170 194 0
313 170 194 0
314 170 194 0
315 170 194 0
316 170 194 0
317 170 194 0
318 170 194 0
319 170 194 0
320 170 194 0
321 170 194 0
322 170 194 0
323 170 194 0
324 170 194 0
325 171 194 0
326 171 194 0
327 171 194 0
328 171 194 0
329 171 194 0
330 171 194 0
331 171 194 0
332 171 194 0
333 171 194 0
334 172 194 0
335 172 194 0
336 172 194 0
337 172 194 0
338 172 194 0
339 172 194 0
340 172 194 0
341 172 194 0
342 172 194 0
343 172 194 0
344 172 194 0
345 172 194 0
346 173 194 0
347 173 194 0
348 174 194 0
349 174 194 0
350 174 194 0
351 174 194 0
352 174 194 0
353 174 194 0
354 174 194 0
355 174 194 0
356 174 194 0
357 175 194 0
358 175 194 0
359 175 194 0
360 175 194 0
361 175 194 0
362 176 194 0
363 176 194 0
364 176 194 0
365 176 194 0
366 176 194 0
367 177 194 0
368 177 194 0
369 177 194 0
370 177 194 0
371 177 194 0
372 177 194 0
373 177 194 0
374 178 194 0
375 178 194 0
376 178 194 0
377 179 194 0
378 179 194 0
379 179 194 0
380 179 194 0
381 180 194 0
382 180 194 0
383 181 194 0
384 181 194 0
385 182 194 0
386 182 194 0
387 183 194 0
388 183 194 0
389 183 194 0
390 183 194 0
391 183 194 0
392 185 194 0
393 185 194 0
394 186 194 0
395 186 194 0
396 190 194 0
397 192 194 0
398 192 194 0
