1 0 3 0
2 0 3 0
3 0 5 0
4 0 4 0
5 4 4 1
6 4 17 1
7 4 77 2
8 4 17 2
9 5 34 0
10 5 34 0
11 6 6 0
12 7 117 11
13 7 57 11
14 11 28 0
15 18 34 6
16 18 58 6
17 18 34 8
18 18 34 8
19 19 120 0
20 19 84 0
21 24 44 0
22 25 69 0
23 29 51 0
24 29 112 0
25 35 86 15
26 35 59 15
27 35 59 18
28 35 85 18
29 35 65 10
30 35 169 10
31 35 130 0
32 35 163 0
33 35 120 0
34 35 88 0
35 35 44 0
36 35 59 0
37 35 84 0
38 35 58 0
39 45 58 35
40 45 124 35
41 45 87 0
42 45 117 0
43 52 162 23
44 52 165 23
45 52 81 0
46 58 83 13
47 58 83 13
48 58 86 0
49 59 85 16
50 59 128 16
51 59 134 39
52 59 60 39
53 59 85 38
54 59 84 38
55 59 59 0
56 59 85 0
57 59 86 0
58 59 120 0
59 60 86 26
60 60 84 26
61 60 85 55
62 60 120 55
63 60 88 36
64 60 74 36
65 60 86 27
66 60 88 27
67 60 132 0
68 60 77 0
69 61 122 52
70 61 158 52
71 61 86 0
72 64 180 0
73 66 146 29
74 66 117 29
75 68 130 0
76 69 122 0
77 70 144 22
78 70 74 22
79 71 181 0
80 75 89 64
81 75 85 64
82 78 87 68
83 78 117 68
84 80 110 0
85 80 155 0
86 82 124 45
87 82 105 45
88 84 96 46
89 84 125 46
90 84 120 0
91 85 130 20
92 85 163 20
93 85 120 37
94 85 99 37
95 85 86 54
96 85 99 54
97 85 86 0
98 85 122 0
99 85 127 0
100 86 148 49
101 86 86 49
102 86 119 61
103 86 86 61
104 86 129 56
105 86 120 56
106 86 112 53
107 86 120 53
108 86 119 28
109 86 142 28
110 86 125 81
111 86 108 81
112 86 120 0
113 87 119 25
114 87 87 25
115 87 119 59
116 87 164 59
117 87 87 48
118 87 153 48
119 87 164 101
120 87 88 101
121 87 148 97
122 87 120 97
123 87 126 103
124 87 119 103
125 87 128 71
126 87 87 71
127 87 120 57
128 87 119 57
129 87 112 95
130 87 150 95
131 87 165 65
132 87 118 65
133 88 119 114
134 88 118 114
135 88 120 126
136 88 100 126
137 88 122 117
138 88 119 117
139 88 148 41
140 88 166 41
141 88 97 82
142 88 136 82
143 89 116 120
144 89 96 120
145 89 121 34
146 89 118 34
147 89 175 63
148 89 123 63
149 89 126 66
150 89 119 66
151 89 125 0
152 90 171 80
153 90 118 80
154 97 118 144
155 97 119 144
156 97 119 88
157 97 121 88
158 98 129 141
159 98 114 141
160 98 138 0
161 99 165 0
162 100 119 94
163 100 117 94
164 101 102 136
165 101 117 136
166 101 144 0
167 102 121 0
168 103 128 164
169 103 104 164
170 105 137 169
171 105 164 169
172 106 111 87
173 106 165 87
174 106 155 0
175 108 117 0
176 109 123 111
177 109 120 111
178 111 154 84
179 111 151 84
180 112 160 172
181 112 121 172
182 113 165 129
183 113 149 129
184 113 181 24
185 113 169 24
186 115 119 159
187 115 120 159
188 117 147 143
189 117 128 143
190 117 125 0
191 118 126 83
192 118 128 83
193 118 134 42
194 118 168 42
195 118 120 163
196 118 163 163
197 118 125 175
198 118 125 175
199 118 166 12
200 118 126 12
201 119 122 134
202 119 123 134
203 119 119 154
204 119 132 154
205 119 123 153
206 119 123 153
207 119 122 132
208 119 154 132
209 119 120 146
210 119 158 146
211 120 121 113
212 120 126 113
213 120 126 133
214 120 120 133
215 120 165 203
216 120 121 203
217 120 120 124
218 120 126 124
219 120 125 102
220 120 171 102
221 120 129 186
222 120 155 186
223 120 144 138
224 120 121 138
225 120 120 128
226 120 120 128
227 120 120 108
228 120 128 108
229 120 137 162
230 120 126 162
231 120 194 150
232 120 153 150
233 120 130 155
234 120 137 155
235 120 126 0
236 121 126 214
237 121 161 214
238 121 121 122
239 121 121 122
240 121 138 187
241 121 121 187
242 121 160 217
243 121 137 217
244 121 194 225
245 121 123 225
246 121 137 135
247 121 121 135
248 121 165 33
249 121 126 33
250 121 121 90
251 121 160 90
252 121 121 105
253 121 163 105
254 121 123 127
255 121 164 127
256 121 137 93
257 121 126 93
258 121 161 195
259 121 124 195
260 121 169 227
261 121 153 227
262 121 142 107
263 121 160 107
264 121 165 209
265 121 121 209
266 121 170 177
267 121 125 177
268 121 125 0
269 122 126 211
270 122 122 211
271 122 122 238
272 122 122 238
273 122 147 216
274 122 132 216
275 122 137 247
276 122 142 247
277 122 134 145
278 122 126 145
279 122 122 250
280 122 160 250
281 122 128 157
282 122 138 157
283 122 128 241
284 122 128 241
285 122 161 181
286 122 124 181
287 122 171 0
288 122 163 0
289 123 137 201
290 123 166 201
291 123 163 271
292 123 130 271
293 123 181 76
294 123 157 76
295 123 126 270
296 123 123 270
297 123 126 98
298 123 159 98
299 123 131 279
300 123 126 279
301 123 159 69
302 123 165 69
303 123 124 207
304 123 162 207
305 124 166 296
306 124 128 296
307 124 151 202
308 124 137 202
309 124 168 245
310 124 160 245
311 124 170 176
312 124 159 176
313 124 145 205
314 124 124 205
315 124 124 148
316 124 124 148
317 124 167 254
318 124 169 254
319 125 171 314
320 125 173 314
321 125 125 315
322 125 161 315
323 125 161 259
324 125 194 259
325 125 128 303
326 125 128 303
327 125 162 40
328 125 126 40
329 125 169 86
330 125 165 86
331 126 129 268
332 126 165 268
333 126 128 190
334 126 135 190
335 126 155 267
336 126 182 267
337 126 169 321
338 126 161 321
339 126 173 198
340 126 131 198
341 126 128 151
342 126 154 151
343 127 166 212
344 127 168 212
345 127 162 213
346 127 168 213
347 127 129 235
348 127 194 235
349 127 144 297
350 127 154 297
351 127 161 295
352 127 164 295
353 127 135 191
354 127 131 191
355 127 160 249
356 127 158 249
357 127 167 328
358 127 163 328
359 127 167 257
360 127 194 257
361 127 169 149
362 127 161 149
363 127 166 200
364 127 127 200
365 127 167 0
366 128 175 99
367 128 169 99
368 129 167 306
369 129 169 306
370 129 163 192
371 129 166 192
372 129 155 125
373 129 167 125
374 129 139 168
375 129 139 168
376 129 132 50
377 129 144 50
378 129 149 325
379 129 166 325
380 129 194 228
381 129 168 228
382 129 155 281
383 129 155 281
384 129 135 333
385 129 167 333
386 129 151 0
387 129 132 0
388 130 171 331
389 130 165 331
390 130 144 104
391 130 162 104
392 130 154 347
393 130 156 347
394 130 164 0
395 131 139 75
396 131 134 75
397 131 162 31
398 131 164 31
399 131 134 292
400 131 158 292
401 131 144 0
402 132 135 354
403 132 145 354
404 132 194 340
405 132 168 340
406 133 155 376
407 133 165 376
408 133 133 274
409 133 133 274
410 133 147 67
411 133 139 67
412 134 134 408
413 134 134 408
414 135 155 412
415 135 184 412
416 135 158 399
417 135 158 399
418 135 135 277
419 135 135 277
420 135 154 51
421 135 151 51
422 136 158 353
423 136 145 353
424 136 170 334
425 136 158 334
426 136 136 418
427 136 136 418
428 136 158 0
429 137 153 426
430 137 153 426
431 137 162 142
432 137 144 142
433 138 151 289
434 138 155 289
435 138 194 234
436 138 156 234
437 138 163 275
438 138 194 275
439 138 160 256
440 138 150 256
441 138 145 170
442 138 165 170
443 138 163 0
444 139 139 240
445 139 139 240
446 139 169 160
447 139 170 160
448 140 144 395
449 140 146 395
450 140 141 444
451 140 141 444
452 140 154 374
453 140 194 374
454 142 142 450
455 142 142 450
456 143 143 454
457 143 143 454
458 143 176 262
459 143 145 262
460 143 164 109
461 143 165 109
462 144 164 456
463 144 166 456
464 145 159 349
465 145 158 349
466 145 147 377
467 145 146 377
468 145 165 432
469 145 169 432
470 145 193 223
471 145 145 223
472 145 149 390
473 145 149 390
474 146 148 423
475 146 147 423
476 146 165 441
477 146 164 441
478 146 147 313
479 146 156 313
480 146 170 0
481 146 165 0
482 147 147 467
483 147 149 467
484 147 165 73
485 147 153 73
486 148 149 482
487 148 163 482
488 148 148 273
489 148 148 273
490 148 170 410
491 148 158 410
492 148 154 478
493 148 154 478
494 149 149 100
495 149 149 100
496 149 149 488
497 149 149 488
498 149 164 474
499 149 164 474
500 150 163 486
501 150 176 486
502 150 151 494
503 150 151 494
504 150 150 496
505 150 150 496
506 150 150 473
507 150 150 473
508 150 150 183
509 150 150 183
510 151 151 504
511 151 151 504
512 151 158 506
513 151 165 506
514 151 151 509
515 151 151 509
516 151 163 130
517 151 164 130
518 152 167 433
519 152 167 433
520 152 152 502
521 152 152 502
522 152 152 510
523 152 152 510
524 152 194 514
525 152 165 514
526 152 152 386
527 152 152 386
528 152 157 179
529 152 157 179
530 153 158 520
531 153 162 520
532 153 153 522
533 153 153 522
534 153 153 526
535 153 153 526
536 154 164 118
537 154 165 118
538 154 175 532
539 154 164 532
540 154 194 429
541 154 194 429
542 154 154 261
543 154 176 261
544 154 154 534
545 154 154 534
546 154 181 430
547 154 194 430
548 155 165 350
549 155 160 350
550 155 182 452
551 155 155 452
552 155 168 492
553 155 156 492
554 155 155 542
555 155 155 542
556 155 158 544
557 155 191 544
558 155 166 178
559 155 194 178
560 155 169 342
561 155 169 342
562 156 156 406
563 156 156 406
564 156 169 434
565 156 160 434
566 156 194 174
567 156 158 174
568 156 180 222
569 156 164 222
570 156 156 554
571 156 156 554
572 156 158 382
573 156 158 382
574 156 167 85
575 156 176 85
576 156 167 335
577 156 173 335
578 157 164 562
579 157 164 562
580 157 157 436
581 157 157 436
582 157 157 571
583 157 157 571
584 157 165 479
585 157 165 479
586 158 162 294
587 158 163 294
588 158 160 580
589 158 160 580
590 158 165 582
591 158 194 582
592 158 162 529
593 158 162 529
594 159 160 530
595 159 179 530
596 159 162 422
597 159 165 422
598 159 160 425
599 159 162 425
600 159 161 210
601 159 166 210
602 159 194 416
603 159 159 416
604 159 194 512
605 159 168 512
606 159 161 417
607 159 162 417
608 159 164 572
609 159 164 572
610 159 194 556
611 159 169 556
612 159 166 70
613 159 167 70
614 159 163 0
615 160 160 464
616 160 160 464
617 160 160 298
618 160 166 298
619 160 160 301
620 160 160 301
621 161 161 594
622 161 166 594
623 161 163 565
624 161 161 565
625 161 161 615
626 161 163 615
627 161 162 617
628 161 162 617
629 161 184 598
630 161 164 598
631 161 167 310
632 161 163 310
633 161 162 355
634 161 165 355
635 161 162 588
636 161 194 588
637 161 161 619
638 161 161 619
639 161 170 251
640 161 166 251
641 161 162 263
642 161 169 263
643 161 161 180
644 161 167 180
645 162 168 351
646 162 177 351
647 162 168 621
648 162 194 621
649 162 181 624
650 162 194 624
651 162 164 625
652 162 162 625
653 162 175 600
654 162 194 600
655 162 162 637
656 162 162 637
657 162 170 338
658 162 194 338
659 162 194 258
660 162 174 258
661 162 165 323
662 162 169 323
663 162 176 285
664 162 194 285
665 163 166 345
666 163 165 345
667 163 194 596
668 163 164 596
669 163 177 531
670 163 171 531
671 163 165 599
672 163 166 599
673 163 163 633
674 163 163 633
675 163 164 586
676 163 194 586
677 163 194 635
678 163 169 635
679 163 170 655
680 163 170 655
681 163 165 391
682 163 164 391
683 163 165 641
684 163 165 641
685 163 164 304
686 163 164 304
687 163 173 607
688 163 164 607
689 163 165 431
690 163 186 431
691 163 165 628
692 163 167 628
693 163 167 327
694 163 163 327
695 163 176 592
696 163 165 592
697 163 163 43
698 163 163 43
699 164 168 500
700 164 166 500
701 164 164 587
702 164 164 587
703 164 166 614
704 164 164 614
705 164 164 92
706 164 164 92
707 164 167 291
708 164 164 291
709 164 169 626
710 164 167 626
711 164 167 623
712 164 167 623
713 164 194 674
714 164 164 674
715 164 170 358
716 164 176 358
717 164 170 288
718 164 168 288
719 164 182 32
720 164 167 32
721 164 164 196
722 164 164 196
723 164 164 516
724 164 164 516
725 164 165 698
726 164 165 698
727 165 165 116
728 165 169 116
729 165 167 352
730 165 177 352
731 165 194 539
732 165 165 539
733 165 165 701
734 165 165 701
735 165 174 398
736 165 194 398
737 165 165 668
738 165 167 668
739 165 170 579
740 165 169 579
741 165 194 498
742 165 174 498
743 165 165 705
744 165 194 705
745 165 166 630
746 165 194 630
747 165 171 704
748 165 170 704
749 165 166 569
750 165 194 569
751 165 165 682
752 165 171 682
753 165 166 721
754 165 166 721
755 165 165 685
756 165 165 685
757 165 167 255
758 165 168 255
759 165 170 723
760 165 173 723
761 165 166 517
762 165 167 517
763 165 170 460
764 165 165 460
765 165 167 708
766 165 165 708
767 165 167 651
768 165 167 651
769 165 166 608
770 165 193 608
771 165 165 171
772 165 165 171
773 165 166 0
774 166 166 727
775 166 168 727
776 166 194 766
777 166 167 766
778 166 194 215
779 166 166 215
780 166 169 733
781 166 166 733
782 166 169 689
783 166 194 689
784 166 170 597
785 166 174 597
786 166 166 666
787 166 166 666
788 166 167 743
789 166 169 743
790 166 194 161
791 166 166 161
792 166 169 634
793 166 191 634
794 166 167 476
795 166 194 476
796 166 182 44
797 166 169 44
798 166 171 751
799 166 166 751
800 166 173 332
801 166 194 332
802 166 167 302
803 166 194 302
804 166 171 683
805 166 174 683
806 166 173 661
807 166 194 661
808 166 166 755
809 166 166 755
810 166 166 182
811 166 166 182
812 166 168 525
813 166 168 525
814 166 166 684
815 166 167 684
816 166 176 131
817 166 170 131
818 166 168 671
819 166 194 671
820 166 166 732
821 166 167 732
822 166 168 513
823 166 194 513
824 166 174 584
825 166 168 584
826 166 194 548
827 166 169 548
828 166 169 442
829 166 169 442
830 166 166 771
831 166 166 771
832 166 194 461
833 166 167 461
834 166 168 696
835 166 168 696
836 166 168 726
837 166 194 726
838 166 169 330
839 166 182 330
840 166 176 0
841 166 169 0
842 167 170 343
843 167 167 343
844 167 173 665
845 167 167 665
846 167 167 787
847 167 168 787
848 167 167 774
849 167 168 774
850 167 178 820
851 167 194 820
852 167 169 779
853 167 176 779
854 167 167 781
855 167 194 781
856 167 167 773
857 167 167 773
858 167 170 703
859 167 176 703
860 167 169 622
861 167 194 622
862 167 167 601
863 167 167 601
864 167 171 672
865 167 169 672
866 167 169 791
867 167 170 791
868 167 194 371
869 167 167 371
870 167 194 749
871 167 170 749
872 167 168 799
873 167 171 799
874 167 169 761
875 167 169 761
876 167 167 814
877 167 167 814
878 167 169 810
879 167 173 810
880 167 194 379
881 167 168 379
882 167 177 809
883 167 177 809
884 167 194 754
885 167 179 754
886 167 171 612
887 167 194 612
888 167 167 830
889 167 167 830
890 167 194 558
891 167 194 558
892 167 194 363
893 167 194 363
894 167 167 0
895 168 170 843
896 168 169 843
897 168 169 848
898 168 169 848
899 168 170 845
900 168 173 845
901 168 170 518
902 168 184 518
903 168 169 720
904 168 169 720
905 168 168 707
906 168 168 707
907 168 172 869
908 168 169 869
909 168 169 846
910 168 169 846
911 168 168 729
912 168 178 729
913 168 194 777
914 168 168 777
915 168 169 854
916 168 174 854
917 168 194 738
918 168 171 738
919 168 171 788
920 168 182 788
921 168 173 767
922 168 171 767
923 168 168 862
924 168 168 862
925 168 170 711
926 168 181 711
927 168 194 613
928 168 194 613
929 168 168 373
930 168 168 373
931 168 170 357
932 168 170 357
933 168 172 802
934 168 184 802
935 168 173 359
936 168 168 359
937 168 194 876
938 168 169 876
939 168 194 757
940 168 194 757
941 168 180 762
942 168 185 762
943 168 174 833
944 168 182 833
945 168 169 574
946 168 169 574
947 168 169 857
948 168 169 857
949 168 173 693
950 168 170 693
951 168 169 888
952 168 191 888
953 168 174 815
954 168 168 815
955 169 194 344
956 169 187 344
957 169 194 905
958 169 194 905
959 169 194 699
960 169 175 699
961 169 169 911
962 169 169 911
963 169 169 849
964 169 194 849
965 169 169 847
966 169 169 847
967 169 193 645
968 169 171 645
969 169 169 923
970 169 169 923
971 169 169 936
972 169 169 936
973 169 173 194
974 169 182 194
975 169 171 872
976 169 171 872
977 169 169 605
978 169 179 605
979 169 169 552
980 169 176 552
981 169 169 881
982 169 169 881
983 169 171 758
984 169 180 758
985 169 173 813
986 169 169 813
987 169 191 818
988 169 174 818
989 169 169 822
990 169 175 822
991 169 170 834
992 169 176 834
993 169 169 836
994 169 170 836
995 169 172 930
996 169 169 930
997 169 178 0
998 169 178 0
999 169 177 0
1000 170 173 963
1001 170 175 963
1002 170 173 966
1003 170 194 966
1004 170 187 904
1005 170 182 904
1006 170 171 898
1007 170 171 898
1008 170 170 910
1009 170 194 910
1010 170 194 678
1011 170 194 678
1012 170 171 962
1013 170 171 962
1014 170 172 369
1015 170 172 369
1016 170 194 915
1017 170 181 915
1018 170 171 740
1019 170 173 740
1020 170 182 782
1021 170 194 782
1022 170 194 564
1023 170 179 564
1024 170 181 908
1025 170 174 908
1026 170 194 860
1027 170 194 860
1028 170 184 780
1029 170 174 780
1030 170 170 792
1031 170 170 792
1032 170 170 642
1033 170 194 642
1034 170 174 996
1035 170 184 996
1036 170 170 797
1037 170 170 797
1038 170 187 979
1039 170 191 979
1040 170 170 337
1041 170 174 337
1042 170 173 318
1043 170 194 318
1044 170 171 789
1045 170 194 789
1046 170 182 828
1047 170 176 828
1048 170 194 938
1049 170 179 938
1050 170 190 662
1051 170 191 662
1052 170 173 981
1053 170 194 981
1054 170 191 986
1055 170 176 986
1056 170 176 972
1057 170 174 972
1058 170 170 260
1059 170 194 260
1060 170 170 945
1061 170 170 945
1062 170 174 865
1063 170 174 865
1064 170 176 947
1065 170 194 947
1066 170 186 989
1067 170 193 989
1068 170 194 970
1069 170 176 970
1070 170 176 30
1071 170 176 30
1072 170 170 951
1073 170 170 951
1074 170 171 838
1075 170 171 838
1076 170 172 329
1077 170 172 329
1078 170 194 560
1079 170 194 560
1080 170 184 0
1081 170 170 0
1082 171 171 842
1083 171 171 842
1084 171 194 901
1085 171 173 901
1086 171 187 1008
1087 171 188 1008
1088 171 175 739
1089 171 171 739
1090 171 194 784
1091 171 194 784
1092 171 171 858
1093 171 171 858
1094 171 194 925
1095 171 194 925
1096 171 171 1030
1097 171 171 1030
1098 171 194 867
1099 171 194 867
1100 171 173 1037
1101 171 194 1037
1102 171 194 932
1103 171 171 932
1104 171 194 266
1105 171 180 266
1106 171 171 679
1107 171 171 679
1108 171 171 1040
1109 171 180 1040
1110 171 171 871
1111 171 171 871
1112 171 173 657
1113 171 173 657
1114 171 173 759
1115 171 180 759
1116 171 171 763
1117 171 171 763
1118 171 171 817
1119 171 176 817
1120 171 171 1060
1121 171 171 1060
1122 171 180 480
1123 171 186 480
1124 171 171 1072
1125 171 171 1072
1126 171 172 950
1127 171 172 950
1128 171 194 991
1129 171 173 991
1130 171 171 1081
1131 171 194 1081
1132 171 171 0
1133 172 172 1083
1134 172 172 1083
1135 172 173 1006
1136 172 194 1006
1137 172 172 968
1138 172 172 968
1139 172 172 1012
1140 172 172 1012
1141 172 172 1018
1142 172 172 1018
1143 172 176 918
1144 172 194 918
1145 172 178 1092
1146 172 178 1092
1147 172 173 388
1148 172 173 388
1149 172 185 919
1150 172 182 919
1151 172 190 670
1152 172 192 670
1153 172 172 1096
1154 172 172 1096
1155 172 194 864
1156 172 174 864
1157 172 173 220
1158 172 194 220
1159 172 189 287
1160 172 194 287
1161 172 185 1130
1162 172 194 1130
1163 172 194 1103
1164 172 194 1103
1165 172 186 975
1166 172 194 975
1167 172 194 1106
1168 172 173 1106
1169 172 174 1108
1170 172 173 1108
1171 172 191 1111
1172 172 194 1111
1173 172 174 752
1174 172 186 752
1175 172 180 152
1176 172 180 152
1177 172 182 983
1178 172 194 983
1179 172 190 804
1180 172 194 804
1181 172 176 1116
1182 172 194 1116
1183 172 182 1118
1184 172 182 1118
1185 172 172 1120
1186 172 172 1120
1187 172 194 1125
1188 172 194 1125
1189 172 194 1074
1190 172 194 1074
1191 172 194 0
1192 172 180 0
1193 173 174 1133
1194 173 173 1133
1195 173 194 1014
1196 173 194 1014
1197 173 194 907
1198 173 191 907
1199 173 194 1137
1200 173 179 1137
1201 173 173 1139
1202 173 173 1139
1203 173 173 1141
1204 173 173 1141
1205 173 173 1154
1206 173 173 1154
1207 173 180 1076
1208 173 180 1076
1209 173 176 1186
1210 173 176 1186
1211 173 176 1126
1212 173 194 1126
1213 173 179 995
1214 173 179 995
1215 174 174 1194
1216 174 179 1194
1217 174 174 844
1218 174 174 844
1219 174 184 1085
1220 174 192 1085
1221 174 182 1201
1222 174 182 1201
1223 174 174 921
1224 174 174 921
1225 174 175 1019
1226 174 175 1019
1227 174 175 1203
1228 174 177 1203
1229 174 174 1148
1230 174 174 1148
1231 174 174 1205
1232 174 174 1205
1233 174 175 973
1234 174 194 973
1235 174 174 800
1236 174 194 800
1237 174 194 320
1238 174 193 320
1239 174 174 1170
1240 174 174 1170
1241 174 177 577
1242 174 185 577
1243 174 194 1042
1244 174 194 1042
1245 174 194 935
1246 174 176 935
1247 174 174 1114
1248 174 174 1114
1249 174 176 806
1250 174 194 806
1251 174 194 985
1252 174 176 985
1253 174 194 949
1254 174 194 949
1255 174 179 1129
1256 174 179 1129
1257 174 178 1100
1258 174 194 1100
1259 174 177 0
1260 174 194 0
1261 175 175 1193
1262 175 175 1193
1263 175 178 1217
1264 175 178 1217
1265 175 175 1223
1266 175 175 1223
1267 175 194 916
1268 175 194 916
1269 175 176 735
1270 175 176 735
1271 175 177 785
1272 175 177 785
1273 175 194 1229
1274 175 194 1229
1275 175 183 1057
1276 175 182 1057
1277 175 175 1231
1278 175 175 1231
1279 175 175 1034
1280 175 194 1034
1281 175 194 1173
1282 175 194 1173
1283 175 194 1235
1284 175 194 1235
1285 175 194 1239
1286 175 194 1239
1287 175 194 1169
1288 175 182 1169
1289 175 175 1247
1290 175 175 1247
1291 175 194 943
1292 175 194 943
1293 175 194 660
1294 175 194 660
1295 175 194 1029
1296 175 194 1029
1297 175 194 1156
1298 175 194 1156
1299 175 194 1063
1300 175 194 1063
1301 176 177 1226
1302 176 194 1226
1303 176 179 1262
1304 176 194 1262
1305 176 194 1001
1306 176 177 1001
1307 176 177 1227
1308 176 177 1227
1309 176 176 960
1310 176 176 960
1311 176 176 1266
1312 176 176 1266
1313 176 194 653
1314 176 194 653
1315 176 176 1277
1316 176 176 1277
1317 176 194 1279
1318 176 194 1279
1319 176 194 1233
1320 176 180 1233
1321 176 194 990
1322 176 194 990
1323 176 177 1289
1324 176 177 1289
1325 176 176 366
1326 176 176 366
1327 177 177 1312
1328 177 177 1312
1329 177 194 853
1330 177 194 853
1331 177 177 1269
1332 177 177 1269
1333 177 177 1309
1334 177 177 1309
1335 177 177 1315
1336 177 177 1315
1337 177 194 716
1338 177 177 716
1339 177 178 840
1340 177 178 840
1341 177 194 980
1342 177 194 980
1343 177 192 1047
1344 177 192 1047
1345 177 191 1249
1346 177 191 1249
1347 177 194 458
1348 177 194 458
1349 177 194 1252
1350 177 194 1252
1351 177 181 543
1352 177 180 543
1353 177 177 1209
1354 177 177 1209
1355 177 180 501
1356 177 180 501
1357 177 194 1069
1358 177 194 1069
1359 177 177 1070
1360 177 194 1070
1361 177 194 1056
1362 177 194 1056
1363 177 194 992
1364 177 194 992
1365 177 177 1325
1366 177 177 1325
1367 177 194 663
1368 177 194 663
1369 177 194 1119
1370 177 194 1119
1371 177 194 0
1372 178 193 1301
1373 178 194 1301
1374 178 178 1327
1375 178 178 1327
1376 178 178 1331
1377 178 178 1331
1378 178 178 1308
1379 178 178 1308
1380 178 194 1307
1381 178 193 1307
1382 178 194 1272
1383 178 194 1272
1384 178 194 1333
1385 178 194 1333
1386 178 178 1259
1387 178 178 1259
1388 178 178 646
1389 178 178 646
1390 178 178 1335
1391 178 178 1335
1392 178 178 1241
1393 178 178 1241
1394 178 178 1366
1395 178 178 1366
1396 178 194 1323
1397 178 180 1323
1398 178 194 883
1399 178 194 883
1400 178 178 1353
1401 178 178 1353
1402 178 194 1359
1403 178 194 1359
1404 178 179 0
1405 179 194 1263
1406 179 194 1263
1407 179 194 997
1408 179 194 997
1409 179 179 912
1410 179 190 912
1411 179 182 1389
1412 179 182 1389
1413 179 179 1374
1414 179 179 1374
1415 179 179 1376
1416 179 179 1376
1417 179 179 1378
1418 179 179 1378
1419 179 179 1146
1420 179 179 1146
1421 179 179 1390
1422 179 179 1390
1423 179 181 1340
1424 179 181 1340
1425 179 182 998
1426 179 180 998
1427 179 194 1394
1428 179 194 1394
1429 179 179 1400
1430 179 179 1400
1431 179 194 1387
1432 179 194 1387
1433 179 184 1393
1434 179 185 1393
1435 179 182 1257
1436 179 194 1257
1437 179 194 0
1438 180 180 1303
1439 180 180 1303
1440 180 194 1404
1441 180 193 1404
1442 180 181 1409
1443 180 181 1409
1444 180 180 1413
1445 180 180 1413
1446 180 180 1415
1447 180 180 1415
1448 180 183 1417
1449 180 183 1417
1450 180 180 1419
1451 180 180 1419
1452 180 180 1421
1453 180 180 1421
1454 180 194 595
1455 180 194 595
1456 180 187 978
1457 180 194 978
1458 180 187 1049
1459 180 187 1049
1460 180 194 1429
1461 180 194 1429
1462 180 194 1256
1463 180 194 1256
1464 180 182 1214
1465 180 184 1214
1466 181 181 1438
1467 181 181 1438
1468 181 194 1444
1469 181 194 1444
1470 181 194 1446
1471 181 194 1446
1472 181 181 1450
1473 181 181 1450
1474 181 181 1452
1475 181 181 1452
1476 181 194 72
1477 181 181 72
1478 181 194 1320
1479 181 194 1320
1480 181 194 568
1481 181 194 568
1482 181 194 1176
1483 181 194 1176
1484 181 181 1105
1485 181 181 1105
1486 181 181 1426
1487 181 181 1426
1488 181 181 941
1489 181 181 941
1490 181 194 1115
1491 181 194 1115
1492 181 181 1207
1493 181 181 1207
1494 181 186 1355
1495 181 189 1355
1496 181 194 0
1497 182 182 1466
1498 182 182 1466
1499 182 184 1443
1500 182 184 1443
1501 182 185 293
1502 182 194 293
1503 182 194 1017
1504 182 194 1017
1505 182 194 1472
1506 182 194 1472
1507 182 194 649
1508 182 194 649
1509 182 182 1475
1510 182 182 1475
1511 182 183 1484
1512 182 183 1484
1513 182 191 1423
1514 182 193 1423
1515 182 182 1486
1516 182 182 1486
1517 182 194 1488
1518 182 185 1488
1519 182 182 1351
1520 182 182 1351
1521 182 182 1493
1522 182 182 1493
1523 182 182 546
1524 182 194 546
1525 182 194 79
1526 182 194 79
1527 183 183 1497
1528 183 183 1497
1529 183 183 1411
1530 183 183 1411
1531 183 190 1222
1532 183 194 1222
1533 183 194 1020
1534 183 194 1020
1535 183 194 1150
1536 183 194 1150
1537 183 194 1509
1538 183 194 1509
1539 183 194 550
1540 183 194 550
1541 183 183 336
1542 183 183 336
1543 183 183 1515
1544 183 183 1515
1545 183 194 1288
1546 183 194 1288
1547 183 184 1005
1548 183 184 1005
1549 183 183 1177
1550 183 183 1177
1551 183 184 1276
1552 183 183 1276
1553 183 194 839
1554 183 194 839
1555 183 194 974
1556 183 194 974
1557 183 194 1184
1558 183 194 1184
1559 183 194 1519
1560 183 194 1519
1561 183 183 1521
1562 183 183 1521
1563 183 189 0
1564 183 194 0
1565 183 184 0
1566 184 184 1527
1567 184 184 1527
1568 184 194 1529
1569 184 194 1529
1570 184 193 1448
1571 184 193 1448
1572 184 184 1275
1573 184 194 1275
1574 184 184 1511
1575 184 184 1511
1576 184 184 1541
1577 184 184 1541
1578 184 194 1544
1579 184 194 1544
1580 184 190 1549
1581 184 190 1549
1582 184 184 1561
1583 184 184 1561
1584 185 185 1566
1585 185 185 1566
1586 185 186 1219
1587 185 186 1219
1588 185 190 1499
1589 185 188 1499
1590 185 185 1028
1591 185 185 1028
1592 185 185 1572
1593 185 185 1572
1594 185 185 415
1595 185 185 415
1596 185 185 1574
1597 185 185 1574
1598 185 185 1576
1599 185 185 1576
1600 185 185 1035
1601 185 185 1035
1602 185 194 934
1603 185 185 934
1604 185 194 1547
1605 185 193 1547
1606 185 185 1582
1607 185 185 1582
1608 185 185 1565
1609 185 185 1565
1610 186 186 1585
1611 186 186 1585
1612 186 186 1149
1613 186 186 1149
1614 186 186 1590
1615 186 186 1590
1616 186 186 1592
1617 186 186 1592
1618 186 194 1161
1619 186 194 1161
1620 186 186 1594
1621 186 186 1594
1622 186 194 1596
1623 186 194 1596
1624 186 186 1599
1625 186 186 1599
1626 186 194 1600
1627 186 194 1600
1628 186 194 1434
1629 186 194 1434
1630 186 186 942
1631 186 186 942
1632 186 194 1606
1633 186 194 1606
1634 186 194 1603
1635 186 194 1603
1636 186 186 1609
1637 186 186 1609
1638 187 187 1610
1639 187 187 1610
1640 187 192 1586
1641 187 187 1586
1642 187 194 1612
1643 187 194 1612
1644 187 187 1614
1645 187 187 1614
1646 187 194 1616
1647 187 194 1616
1648 187 187 1620
1649 187 187 1620
1650 187 187 1625
1651 187 187 1625
1652 187 187 1165
1653 187 187 1165
1654 187 187 1123
1655 187 187 1123
1656 187 187 1630
1657 187 187 1630
1658 187 189 1494
1659 187 194 1494
1660 187 194 1636
1661 187 194 1636
1662 188 188 1638
1663 188 188 1638
1664 188 194 956
1665 188 194 956
1666 188 188 1641
1667 188 188 1641
1668 188 188 1644
1669 188 188 1644
1670 188 188 1648
1671 188 188 1648
1672 188 188 1651
1673 188 188 1651
1674 188 190 1652
1675 188 190 1652
1676 188 192 1654
1677 188 192 1654
1678 188 189 1456
1679 188 189 1456
1680 188 188 1656
1681 188 188 1656
1682 188 188 1458
1683 188 188 1458
1684 189 189 1662
1685 189 189 1662
1686 189 189 1666
1687 189 189 1666
1688 189 194 1087
1689 189 194 1087
1690 189 189 1668
1691 189 189 1668
1692 189 189 1670
1693 189 189 1670
1694 189 189 1672
1695 189 189 1672
1696 189 189 1682
1697 189 189 1682
1698 189 194 1681
1699 189 194 1681
1700 190 190 1684
1701 190 190 1684
1702 190 190 1687
1703 190 190 1687
1704 190 191 1690
1705 190 191 1690
1706 190 190 1692
1707 190 190 1692
1708 190 194 1694
1709 190 194 1694
1710 190 190 1679
1711 190 190 1679
1712 190 194 1696
1713 190 194 1696
1714 190 194 1495
1715 190 193 1495
1716 190 194 1563
1717 190 194 1563
1718 190 193 0
1719 191 191 1700
1720 191 191 1700
1721 191 191 1703
1722 191 191 1703
1723 191 194 1588
1724 191 194 1588
1725 191 192 1531
1726 191 192 1531
1727 191 191 1706
1728 191 191 1706
1729 191 191 1674
1730 191 191 1674
1731 191 194 1710
1732 191 194 1710
1733 191 191 1580
1734 191 191 1580
1735 191 194 1050
1736 191 194 1050
1737 192 192 1719
1738 192 192 1719
1739 192 192 1721
1740 192 192 1721
1741 192 194 1198
1742 192 194 1198
1743 192 192 1704
1744 192 192 1704
1745 192 192 793
1746 192 192 793
1747 192 194 1727
1748 192 192 1727
1749 192 192 1513
1750 192 192 1513
1751 192 192 1729
1752 192 192 1729
1753 192 192 1039
1754 192 192 1039
1755 192 192 1733
1756 192 192 1733
1757 192 192 1345
1758 192 192 1345
1759 192 194 1054
1760 192 194 1054
1761 192 194 987
1762 192 194 987
1763 193 193 1737
1764 193 193 1737
1765 193 194 1640
1766 193 194 1640
1767 193 194 1739
1768 193 193 1739
1769 193 193 1725
1770 193 193 1725
1771 193 193 1743
1772 193 193 1743
1773 193 194 1745
1774 193 194 1745
1775 193 193 1750
1776 193 194 1750
1777 193 193 1751
1778 193 193 1751
1779 193 193 1676
1780 193 193 1676
1781 193 193 1753
1782 193 193 1753
1783 193 193 1755
1784 193 193 1755
1785 193 194 1343
1786 193 194 1343
1787 193 193 1757
1788 193 193 1757
1789 193 194 1152
1790 193 194 1152
1791 194 194 1372
1792 194 194 1372
1793 194 194 1763
1794 194 194 1763
1795 194 194 1769
1796 194 194 1769
1797 194 194 1571
1798 194 194 1571
1799 194 194 967
1800 194 194 967
1801 194 194 1771
1802 194 194 1771
1803 194 194 1238
1804 194 194 1238
1805 194 194 1775
1806 194 194 1775
1807 194 194 1777
1808 194 194 1777
1809 194 194 1779
1810 194 194 1779
1811 194 194 1781
1812 194 194 1781
1813 194 194 1783
1814 194 194 1783
1815 194 194 1605
1816 194 194 1605
1817 194 194 1787
1818 194 194 1787
1819 194 194 770
1820 194 194 770
1821 194 194 1718
1822 194 194 1718
