1 0 3 0
2 0 3 0
3 0 5 0
4 0 4 0
5 4 17 1
6 4 4 1
7 4 194 2
8 4 17 2
9 5 34 0
10 5 88 0
11 6 6 0
12 7 126 11
13 7 57 11
14 11 28 0
15 18 58 5
16 18 59 5
17 18 34 8
18 18 59 8
19 19 194 0
20 19 194 0
21 24 44 0
22 25 60 0
23 29 51 0
24 29 112 0
25 35 86 0
26 35 130 0
27 35 59 0
28 35 59 0
29 35 162 0
30 35 171 0
31 35 59 0
32 35 165 0
33 35 58 0
34 35 85 0
35 35 65 0
36 45 87 0
37 45 58 0
38 45 194 0
39 52 165 23
40 52 128 23
41 52 105 0
42 58 172 13
43 58 96 13
44 58 59 0
45 59 85 15
46 59 122 15
47 59 86 33
48 59 85 33
49 59 194 37
50 59 68 37
51 59 85 0
52 59 85 0
53 59 86 0
54 59 171 0
55 60 86 27
56 60 165 27
57 60 86 44
58 60 84 44
59 60 194 28
60 60 194 28
61 60 89 31
62 60 88 31
63 60 120 18
64 60 88 18
65 60 87 0
66 60 87 0
67 61 68 22
68 61 69 22
69 61 87 0
70 64 194 0
71 66 194 35
72 66 185 35
73 68 120 0
74 69 176 67
75 69 194 67
76 69 194 0
77 70 85 68
78 70 194 68
79 71 194 0
80 80 194 0
81 80 170 0
82 82 180 0
83 84 158 0
84 85 86 0
85 85 170 0
86 85 194 0
87 85 194 0
88 85 169 0
89 85 123 0
90 86 194 45
91 86 88 45
92 86 194 51
93 86 160 51
94 86 119 52
95 86 194 52
96 86 122 48
97 86 194 48
98 86 119 34
99 86 194 34
100 86 126 77
101 86 108 77
102 86 193 0
103 87 122 25
104 87 194 25
105 87 119 57
106 87 194 57
107 87 118 55
108 87 116 55
109 87 194 84
110 87 163 84
111 87 120 53
112 87 120 53
113 87 162 47
114 87 120 47
115 87 96 0
116 87 194 0
117 87 194 0
118 87 118 0
119 88 166 65
120 88 119 65
121 88 194 69
122 88 194 69
123 88 194 36
124 88 120 36
125 88 120 66
126 88 194 66
127 88 194 0
128 89 164 91
129 89 194 91
130 89 194 62
131 89 122 62
132 89 194 64
133 89 194 64
134 89 194 10
135 89 125 10
136 89 118 0
137 90 97 61
138 90 118 61
139 97 167 115
140 97 194 115
141 97 194 43
142 97 134 43
143 98 194 137
144 98 194 137
145 98 194 0
146 99 194 0
147 101 154 0
148 101 193 0
149 102 174 0
150 103 194 0
151 105 124 0
152 106 111 41
153 106 194 41
154 106 121 0
155 108 194 0
156 109 194 101
157 109 120 101
158 111 194 0
159 112 194 152
160 112 121 152
161 113 194 24
162 113 194 24
163 115 121 0
164 117 153 108
165 117 165 108
166 117 125 0
167 118 158 0
168 118 194 0
169 118 194 0
170 119 119 107
171 119 161 107
172 119 194 138
173 119 169 138
174 119 194 118
175 119 124 118
176 119 161 136
177 119 194 136
178 119 119 0
179 120 194 120
180 120 194 120
181 120 194 105
182 120 194 105
183 120 194 178
184 120 194 178
185 120 194 170
186 120 155 170
187 120 194 94
188 120 194 94
189 120 170 98
190 120 194 98
191 120 194 0
192 120 160 0
193 120 194 0
194 120 124 0
195 120 125 0
196 121 194 125
197 121 194 125
198 121 194 124
199 121 194 124
200 121 194 112
201 121 194 112
202 121 194 111
203 121 194 111
204 121 167 114
205 121 194 114
206 121 168 63
207 121 194 63
208 121 194 73
209 121 163 73
210 121 125 157
211 121 165 157
212 121 194 0
213 121 194 0
214 121 194 0
215 121 194 0
216 122 162 163
217 122 164 163
218 122 128 154
219 122 194 154
220 122 194 160
221 122 194 160
222 122 194 0
223 122 137 0
224 122 194 0
225 123 173 103
226 123 166 103
227 123 194 46
228 123 194 46
229 123 194 131
230 123 125 131
231 123 165 96
232 123 194 96
233 123 173 0
234 123 194 0
235 124 131 89
236 124 194 89
237 124 172 0
238 124 194 0
239 124 194 0
240 124 194 0
241 124 137 0
242 125 194 175
243 125 194 175
244 125 165 194
245 125 194 194
246 125 145 151
247 125 126 151
248 125 194 0
249 126 194 166
250 126 194 166
251 126 170 230
252 126 167 230
253 126 126 210
254 126 194 210
255 126 194 0
256 127 194 247
257 127 194 247
258 127 194 100
259 127 194 100
260 127 170 12
261 127 168 12
262 127 194 0
263 127 161 0
264 127 169 0
265 129 179 218
266 129 157 218
267 129 175 40
268 129 147 40
269 129 177 0
270 129 194 0
271 129 194 0
272 129 194 0
273 130 155 0
274 130 194 0
275 131 194 26
276 131 194 26
277 131 194 0
278 132 194 235
279 132 194 235
280 133 194 0
281 135 194 142
282 135 194 142
283 136 194 0
284 137 163 0
285 138 194 223
286 138 194 223
287 138 171 241
288 138 194 241
289 139 194 0
290 143 167 0
291 145 194 0
292 146 170 246
293 146 194 246
294 146 194 0
295 147 194 0
296 148 194 268
297 148 194 268
298 152 194 0
299 154 172 164
300 154 194 164
301 154 194 0
302 155 175 147
303 155 194 147
304 155 194 0
305 156 194 186
306 156 194 186
307 156 194 273
308 156 194 273
309 156 194 0
310 158 164 266
311 158 194 266
312 159 194 167
313 159 194 167
314 159 165 83
315 159 194 83
316 159 194 0
317 159 168 0
318 160 169 0
319 161 166 93
320 161 194 93
321 161 194 192
322 161 194 192
323 161 194 0
324 161 194 0
325 161 194 0
326 162 194 171
327 162 194 171
328 162 194 176
329 162 194 176
330 162 176 263
331 162 194 263
332 162 162 0
333 163 166 332
334 163 194 332
335 163 194 216
336 163 194 216
337 163 164 113
338 163 194 113
339 163 171 29
340 163 194 29
341 163 194 0
342 163 194 0
343 163 194 0
344 163 194 0
345 163 194 0
346 163 194 0
347 163 194 0
348 163 194 0
349 164 165 209
350 164 194 209
351 164 177 110
352 164 164 110
353 164 171 284
354 164 194 284
355 164 194 0
356 164 194 0
357 165 170 128
358 165 194 128
359 165 194 217
360 165 194 217
361 165 194 337
362 165 194 337
363 165 194 352
364 165 166 352
365 165 194 310
366 165 169 310
367 165 194 0
368 165 194 0
369 165 194 0
370 166 169 56
371 166 194 56
372 166 177 165
373 166 194 165
374 166 194 349
375 166 194 349
376 166 194 314
377 166 194 314
378 166 194 211
379 166 194 211
380 166 194 32
381 166 194 32
382 166 173 231
383 166 194 231
384 166 194 244
385 166 194 244
386 166 173 39
387 166 194 39
388 166 194 0
389 166 194 0
390 166 194 0
391 166 194 0
392 166 182 0
393 166 194 0
394 166 194 0
395 167 184 226
396 167 171 226
397 167 194 119
398 167 194 119
399 167 168 364
400 167 194 364
401 167 194 333
402 167 194 333
403 167 194 319
404 167 168 319
405 167 194 0
406 167 194 0
407 167 194 0
408 167 194 0
409 167 194 0
410 167 194 0
411 167 170 0
412 168 169 139
413 168 194 139
414 168 194 252
415 168 194 252
416 168 194 204
417 168 171 204
418 168 194 290
419 168 194 290
420 168 194 0
421 168 194 0
422 168 194 0
423 168 194 0
424 168 194 0
425 168 194 0
426 169 194 399
427 169 194 399
428 169 194 317
429 169 194 317
430 169 194 206
431 169 176 206
432 169 194 404
433 169 194 404
434 169 194 261
435 169 194 261
436 169 172 0
437 169 194 0
438 169 194 0
439 169 194 0
440 170 194 370
441 170 194 370
442 170 194 412
443 170 170 412
444 170 194 318
445 170 194 318
446 170 194 173
447 170 194 173
448 170 194 88
449 170 194 88
450 170 191 264
451 170 194 264
452 170 194 366
453 170 194 366
454 170 194 0
455 170 194 0
456 170 194 0
457 170 194 0
458 170 170 0
459 171 194 443
460 171 194 443
461 171 194 357
462 171 194 357
463 171 194 292
464 171 194 292
465 171 194 251
466 171 171 251
467 171 194 189
468 171 194 189
469 171 194 85
470 171 194 85
471 171 173 260
472 171 194 260
473 171 194 458
474 171 194 458
475 171 194 0
476 172 172 396
477 172 184 396
478 172 194 353
479 172 194 353
480 172 194 30
481 172 173 30
482 172 194 466
483 172 194 466
484 172 194 417
485 172 194 417
486 172 194 54
487 172 194 54
488 172 194 287
489 172 194 287
490 172 194 339
491 172 194 339
492 172 194 0
493 172 194 0
494 173 173 476
495 173 194 476
496 173 194 436
497 173 194 436
498 173 194 42
499 173 194 42
500 174 194 233
501 174 194 233
502 174 194 225
503 174 194 225
504 174 194 481
505 174 194 481
506 174 194 382
507 174 194 382
508 174 194 386
509 174 194 386
510 174 194 471
511 174 194 471
512 174 194 0
513 174 194 0
514 175 194 149
515 175 176 149
516 175 194 0
517 175 194 0
518 175 194 0
519 175 194 0
520 176 194 302
521 176 194 302
522 176 194 267
523 176 194 267
524 176 194 0
525 176 194 0
526 176 194 0
527 177 194 431
528 177 194 431
529 177 194 74
530 177 194 74
531 177 194 515
532 177 194 515
533 177 194 330
534 177 194 330
535 177 194 0
536 177 194 0
537 178 194 372
538 178 194 372
539 178 194 351
540 178 194 351
541 178 194 0
542 179 194 0
543 179 194 0
544 179 194 0
545 179 194 0
546 180 194 265
547 180 194 265
548 180 194 0
549 181 194 82
550 181 194 82
551 181 194 0
552 182 194 0
553 182 194 0
554 183 194 392
555 183 194 392
556 183 194 0
557 183 194 0
558 183 194 0
559 185 194 395
560 185 194 395
561 185 194 0
562 186 194 72
563 186 194 72
564 186 194 0
565 190 194 0
566 192 194 450
567 192 194 450
568 192 194 0
569 194 194 148
570 194 194 148
