1 0 3 0
2 0 3 0
3 0 5 0
4 0 4 0
5 4 4 1
6 4 17 1
7 4 122 2
8 4 17 2
9 5 34 0
10 5 88 0
11 6 6 0
12 7 57 11
13 7 126 11
14 11 28 0
15 18 59 6
16 18 58 6
17 18 59 8
18 18 34 8
19 19 86 0
20 19 120 0
21 24 44 0
22 25 69 0
23 29 51 0
24 29 112 0
25 35 86 0
26 35 130 0
27 35 86 0
28 35 129 0
29 35 88 0
30 35 60 0
31 35 59 0
32 35 119 0
33 35 58 0
34 35 85 0
35 35 65 0
36 45 87 0
37 45 58 0
38 45 136 0
39 52 117 23
40 52 125 23
41 52 105 0
42 58 126 12
43 58 96 12
44 58 86 0
45 59 85 16
46 59 194 16
47 59 85 33
48 59 117 33
49 59 162 37
50 59 194 37
51 59 59 0
52 59 85 0
53 59 86 0
54 59 120 0
55 60 168 15
56 60 84 15
57 60 85 51
58 60 130 51
59 60 89 31
60 60 88 31
61 60 88 17
62 60 81 17
63 60 87 0
64 60 87 0
65 61 169 30
66 61 158 30
67 61 194 0
68 64 194 0
69 66 147 35
70 66 146 35
71 68 163 0
72 69 161 0
73 70 85 22
74 70 194 22
75 71 104 0
76 80 110 0
77 80 169 0
78 82 86 62
79 82 128 62
80 84 120 0
81 85 86 0
82 85 170 0
83 85 166 0
84 85 119 0
85 85 86 0
86 85 184 0
87 86 121 45
88 86 86 45
89 86 119 57
90 86 86 57
91 86 168 52
92 86 129 52
93 86 119 47
94 86 176 47
95 86 164 34
96 86 128 34
97 86 108 73
98 86 194 73
99 86 121 0
100 87 120 25
101 87 119 25
102 87 119 44
103 87 87 44
104 87 128 88
105 87 88 88
106 87 120 27
107 87 123 27
108 87 119 81
109 87 194 81
110 87 160 90
111 87 170 90
112 87 119 19
113 87 87 19
114 87 194 53
115 87 123 53
116 87 168 85
117 87 163 85
118 87 120 78
119 87 118 78
120 88 119 63
121 88 118 63
122 88 164 103
123 88 125 103
124 88 120 113
125 88 100 113
126 88 119 36
127 88 164 36
128 88 121 64
129 88 97 64
130 89 96 105
131 89 116 105
132 89 124 29
133 89 118 29
134 89 167 60
135 89 194 60
136 89 162 61
137 89 119 61
138 89 176 10
139 89 125 10
140 90 194 59
141 90 118 59
142 97 118 130
143 97 165 130
144 97 172 43
145 97 120 43
146 98 114 129
147 98 129 129
148 98 138 0
149 99 122 0
150 101 102 125
151 101 142 125
152 101 145 0
153 102 174 0
154 103 194 150
155 103 139 150
156 105 181 75
157 105 145 75
158 106 111 41
159 106 194 41
160 106 128 0
161 108 194 0
162 109 122 97
163 109 120 97
164 111 194 76
165 111 131 76
166 112 160 158
167 112 121 158
168 113 194 24
169 113 155 24
170 115 194 146
171 115 162 146
172 117 194 131
173 117 194 131
174 117 125 0
175 118 119 48
176 118 161 48
177 118 173 39
178 118 168 39
179 118 158 0
180 119 122 121
181 119 163 121
182 119 194 142
183 119 119 142
184 119 194 141
185 119 123 141
186 119 119 119
187 119 124 119
188 119 137 133
189 119 194 133
190 120 162 101
191 120 155 101
192 120 167 120
193 120 163 120
194 120 194 102
195 120 162 102
196 120 165 183
197 120 164 183
198 120 194 108
199 120 126 108
200 120 162 112
201 120 120 112
202 120 171 89
203 120 125 89
204 120 129 126
205 120 120 126
206 120 120 32
207 120 167 32
208 120 162 175
209 120 162 175
210 120 122 93
211 120 165 93
212 120 170 137
213 120 124 137
214 120 194 0
215 121 122 100
216 121 123 100
217 121 123 106
218 121 123 106
219 121 123 201
220 121 160 201
221 121 160 124
222 121 167 124
223 121 121 20
224 121 194 20
225 121 121 80
226 121 164 80
227 121 168 205
228 121 194 205
229 121 165 206
230 121 160 206
231 121 171 54
232 121 165 54
233 121 168 118
234 121 194 118
235 121 128 145
236 121 194 145
237 121 165 163
238 121 126 163
239 122 165 87
240 122 167 87
241 122 137 99
242 122 171 99
243 122 172 223
244 122 128 223
245 122 158 225
246 122 166 225
247 122 165 128
248 122 168 128
249 122 162 167
250 122 128 167
251 123 173 215
252 123 184 215
253 123 166 180
254 123 194 180
255 123 194 7
256 123 168 7
257 123 123 162
258 123 175 162
259 123 168 210
260 123 165 210
261 123 162 149
262 123 159 149
263 124 165 216
264 124 165 216
265 124 194 107
266 124 126 107
267 124 161 217
268 124 167 217
269 124 160 219
270 124 166 219
271 124 124 257
272 124 194 257
273 124 168 185
274 124 171 185
275 124 194 218
276 124 194 218
277 125 126 132
278 125 171 132
279 125 182 271
280 125 125 271
281 125 162 187
282 125 194 187
283 125 194 213
284 125 194 213
285 126 128 174
286 126 135 174
287 126 155 123
288 126 174 123
289 126 170 280
290 126 170 280
291 126 126 40
292 126 126 40
293 127 194 266
294 127 153 266
295 127 194 199
296 127 169 199
297 127 136 277
298 127 194 277
299 127 134 42
300 127 194 42
301 127 194 13
302 127 173 13
303 127 154 292
304 127 128 292
305 127 194 0
306 129 132 104
307 129 177 104
308 129 144 244
309 129 164 244
310 129 194 96
311 129 171 96
312 129 169 285
313 129 171 285
314 129 179 160
315 129 164 160
316 129 185 304
317 129 139 304
318 129 180 79
319 129 165 79
320 129 194 0
321 130 194 28
322 130 159 28
323 130 165 204
324 130 171 204
325 130 136 92
326 130 175 92
327 131 194 26
328 131 157 26
329 131 194 58
330 131 179 58
331 132 151 165
332 132 194 165
333 133 164 306
334 133 178 306
335 135 194 299
336 135 194 299
337 136 159 286
338 136 194 286
339 137 176 297
340 137 194 297
341 137 158 325
342 137 171 325
343 138 171 241
344 138 194 241
345 138 161 188
346 138 194 188
347 139 194 148
348 139 194 148
349 140 194 155
350 140 194 155
351 143 194 151
352 143 194 151
353 145 165 308
354 145 163 308
355 146 171 152
356 146 175 152
357 146 194 157
358 146 182 157
359 147 153 70
360 147 194 70
361 148 185 69
362 148 194 69
363 152 165 331
364 152 194 331
365 154 162 294
366 154 184 294
367 154 194 359
368 154 194 359
369 155 194 303
370 155 175 303
371 155 194 0
372 156 194 191
373 156 194 191
374 156 194 287
375 156 171 287
376 156 166 169
377 156 194 169
378 158 162 328
379 158 164 328
380 159 194 179
381 159 161 179
382 159 166 245
383 159 165 245
384 159 194 341
385 159 194 341
386 159 174 66
387 159 194 66
388 160 160 337
389 160 160 337
390 160 194 322
391 160 160 322
392 161 169 391
393 161 194 391
394 161 194 388
395 161 165 388
396 161 194 110
397 161 166 110
398 161 171 220
399 161 194 220
400 161 166 269
401 161 194 269
402 161 194 230
403 161 194 230
404 161 194 166
405 161 194 166
406 162 194 72
407 162 194 72
408 162 194 381
409 162 162 381
410 162 194 267
411 162 194 267
412 162 194 176
413 162 174 176
414 162 167 0
415 163 194 190
416 163 194 190
417 163 168 365
418 163 163 365
419 163 170 195
420 163 194 195
421 163 166 409
422 163 194 409
423 163 194 171
424 163 168 171
425 163 194 200
426 163 165 200
427 163 194 208
428 163 164 208
429 163 194 281
430 163 176 281
431 163 194 136
432 163 194 136
433 163 194 49
434 163 176 49
435 163 194 249
436 163 194 249
437 163 178 0
438 163 194 0
439 163 194 0
440 163 166 0
441 164 173 181
442 164 194 181
443 164 165 71
444 164 180 71
445 164 194 354
446 164 168 354
447 164 167 418
448 164 194 418
449 164 194 117
450 164 194 117
451 164 194 0
452 165 194 122
453 165 166 122
454 165 194 197
455 165 168 197
456 165 194 379
457 165 194 379
458 165 175 333
459 165 194 333
460 165 194 127
461 165 194 127
462 165 194 226
463 165 194 226
464 165 169 428
465 165 194 428
466 165 167 95
467 165 194 95
468 165 169 309
469 165 174 309
470 166 166 239
471 166 177 239
472 166 194 263
473 166 169 263
474 166 194 443
475 166 180 443
476 166 167 143
477 166 194 143
478 166 194 196
479 166 194 196
480 166 194 383
481 166 194 383
482 166 194 395
483 166 166 395
484 166 194 426
485 166 194 426
486 166 194 353
487 166 194 353
488 166 194 237
489 166 194 237
490 166 194 323
491 166 194 323
492 166 194 232
493 166 174 232
494 166 166 211
495 166 194 211
496 166 194 229
497 166 194 229
498 166 194 260
499 166 194 260
500 166 194 363
501 166 194 363
502 166 182 319
503 166 194 319
504 166 194 0
505 167 168 470
506 167 173 470
507 167 173 253
508 167 173 253
509 167 168 453
510 167 178 453
511 167 194 421
512 167 194 421
513 167 194 382
514 167 194 382
515 167 173 400
516 167 194 400
517 167 167 483
518 167 167 483
519 167 194 83
520 167 194 83
521 167 194 440
522 167 194 440
523 167 194 270
524 167 194 270
525 167 194 494
526 167 176 494
527 167 194 397
528 167 168 397
529 167 194 376
530 167 194 376
531 168 169 476
532 168 194 476
533 168 173 240
534 168 194 240
535 168 181 414
536 168 194 414
537 168 194 447
538 168 177 447
539 168 175 518
540 168 194 518
541 168 194 192
542 168 194 192
543 168 194 134
544 168 194 134
545 168 194 268
546 168 194 268
547 168 194 222
548 168 194 222
549 168 194 207
550 168 194 207
551 168 194 466
552 168 182 466
553 169 171 505
554 169 194 505
555 169 194 509
556 169 194 509
557 169 170 256
558 169 194 256
559 169 194 455
560 169 194 455
561 169 194 55
562 169 173 55
563 169 194 227
564 169 194 227
565 169 194 91
566 169 194 91
567 169 169 273
568 169 194 273
569 169 169 116
570 169 173 116
571 169 194 233
572 169 194 233
573 169 194 424
574 169 172 424
575 169 194 528
576 169 194 528
577 169 194 178
578 169 178 178
579 170 194 473
580 170 194 473
581 170 170 531
582 170 194 531
583 170 194 392
584 170 194 392
585 170 194 312
586 170 171 312
587 170 170 65
588 170 194 65
589 170 194 567
590 170 174 567
591 170 194 464
592 170 194 464
593 170 194 569
594 170 194 569
595 170 194 77
596 170 194 77
597 170 191 296
598 170 194 296
599 170 194 468
600 170 194 468
601 170 194 0
602 171 194 581
603 171 194 581
604 171 194 419
605 171 194 419
606 171 194 557
607 171 194 557
608 171 194 111
609 171 194 111
610 171 171 587
611 171 194 587
612 171 194 290
613 171 171 290
614 171 194 289
615 171 194 289
616 171 194 212
617 171 194 212
618 172 173 553
619 172 173 553
620 172 194 398
621 172 194 398
622 172 194 202
623 172 194 202
624 172 194 242
625 172 194 242
626 172 194 342
627 172 178 342
628 172 194 375
629 172 194 375
630 172 194 274
631 172 194 274
632 172 194 610
633 172 173 610
634 172 194 231
635 172 194 231
636 172 194 355
637 172 194 355
638 172 194 586
639 172 194 586
640 172 176 313
641 172 194 313
642 172 194 311
643 172 194 311
644 172 194 0
645 173 194 144
646 173 194 144
647 173 194 243
648 173 194 243
649 174 194 618
650 174 194 618
651 174 194 507
652 174 194 507
653 174 194 441
654 174 194 441
655 174 194 562
656 174 194 562
657 174 194 533
658 174 194 533
659 174 194 515
660 174 194 515
661 174 194 633
662 174 194 633
663 174 194 570
664 174 194 570
665 174 194 177
666 174 194 177
667 174 194 302
668 174 194 302
669 174 194 0
670 175 194 153
671 175 176 153
672 175 194 288
673 175 194 288
674 175 194 413
675 175 194 413
676 175 194 469
677 175 194 469
678 175 194 386
679 175 194 386
680 175 194 590
681 175 194 590
682 176 194 458
683 176 177 458
684 176 194 539
685 176 191 539
686 176 194 326
687 176 194 326
688 176 194 258
689 176 194 258
690 176 194 356
691 176 194 356
692 176 194 0
693 177 194 434
694 177 194 434
695 177 194 339
696 177 194 339
697 177 194 526
698 177 194 526
699 177 194 430
700 177 194 430
701 177 194 94
702 177 194 94
703 177 194 138
704 177 194 138
705 177 194 671
706 177 194 671
707 178 194 471
708 178 194 471
709 178 194 538
710 178 194 538
711 178 194 683
712 178 194 683
713 179 194 510
714 179 194 510
715 179 194 437
716 179 194 437
717 179 194 627
718 179 194 627
719 179 182 578
720 179 194 578
721 179 194 0
722 180 194 330
723 180 194 330
724 180 194 314
725 180 194 314
726 181 194 475
727 181 189 475
728 181 194 318
729 181 194 318
730 181 194 0
731 182 194 535
732 182 194 535
733 182 194 156
734 182 194 156
735 183 194 279
736 183 194 279
737 183 194 358
738 183 194 358
739 183 194 502
740 183 194 502
741 183 194 719
742 183 194 719
743 183 194 0
744 185 194 252
745 185 194 252
746 185 194 86
747 185 194 86
748 186 194 316
749 186 194 316
750 186 194 361
751 186 194 361
752 190 194 727
753 190 194 727
754 192 194 597
755 192 194 597
756 192 194 685
757 192 194 685
