1 0 0 0
2 0 4 0
3 0 1 0
4 0 3 0
5 0 2 0
6 1 1 0
7 2 4 0
8 3 3 0
9 3 3 0
10 3 3 0
11 4 4 0
12 4 5 0
13 4 4 0
14 4 4 0
15 4 4 0
16 5 9 0
17 5 9 0
18 5 5 0
19 5 5 0
20 5 5 0
21 6 6 0
22 6 7 0
23 6 6 0
24 6 6 0
25 6 6 0
26 6 6 0
27 6 6 0
28 7 7 0
29 7 11 0
30 7 9 0
31 7 7 0
32 8 13 0
33 8 8 0
34 8 8 0
35 9 11 0
36 9 15 0
37 10 11 0
38 10 10 0
39 10 10 0
40 10 10 0
41 10 10 0
42 10 10 0
43 10 10 0
44 10 10 0
45 11 11 0
46 11 18 0
47 11 11 0
48 12 12 0
49 12 16 0
50 12 13 0
51 12 18 0
52 12 14 0
53 12 14 0
54 12 12 0
55 12 12 0
56 12 12 0
57 12 12 0
58 12 14 0
59 12 17 0
60 13 14 0
61 13 16 0
62 13 13 0
63 13 13 0
64 13 13 0
65 13 13 0
66 14 14 0
67 14 18 0
68 15 16 0
69 16 16 0
70 17 22 0
71 17 19 0
72 17 17 0
73 17 17 0
74 17 22 0
75 17 22 0
76 17 22 0
77 17 17 0
78 17 17 0
79 18 18 0
80 18 23 0
81 18 18 0
82 18 18 0
83 18 22 0
84 18 18 0
85 18 18 0
86 18 18 0
87 18 18 0
88 18 18 0
89 19 22 0
90 19 19 0
91 19 19 0
92 19 20 0
93 19 19 0
94 19 20 0
95 19 20 0
96 19 27 0
97 20 24 0
98 20 20 0
99 20 20 0
100 21 28 0
101 21 27 0
102 21 25 0
103 21 22 0
104 21 21 0
105 22 22 0
106 23 26 0
107 23 29 0
108 23 33 0
109 23 26 0
110 23 24 0
111 23 23 0
112 23 23 0
113 23 23 0
114 23 23 0
115 24 28 0
116 24 33 0
117 24 58 0
118 24 24 0
119 24 24 0
120 24 29 0
121 25 32 0
122 25 28 0
123 25 25 0
124 25 25 0
125 25 25 0
126 25 25 0
127 25 25 0
128 25 25 0
129 26 33 0
130 26 26 0
131 26 26 0
132 26 26 0
133 26 33 0
134 26 26 0
135 26 26 0
136 27 31 0
137 27 28 0
138 27 29 0
139 28 35 0
140 28 32 0
141 28 28 0
142 28 35 0
143 29 29 0
144 29 32 0
145 29 29 0
146 29 29 0
147 29 33 0
148 29 29 0
149 29 34 0
150 30 31 0
151 30 33 0
152 30 32 0
153 31 33 0
154 32 40 0
155 32 50 0
156 32 32 0
157 32 35 0
158 32 34 0
159 32 32 0
160 32 41 0
161 33 39 0
162 33 44 0
163 33 33 0
164 33 33 0
165 33 33 0
166 34 34 0
167 34 34 0
168 34 34 0
169 34 36 0
170 34 34 0
171 34 34 0
172 34 40 0
173 34 34 0
174 35 37 0
175 35 39 0
176 35 35 0
177 35 50 0
178 35 45 0
179 35 43 0
180 35 43 0
181 35 35 0
182 35 35 0
183 35 35 0
184 35 35 0
185 35 35 0
186 35 39 0
187 35 35 0
188 35 35 0
189 35 35 0
190 35 38 0
191 35 39 0
192 35 35 0
193 35 35 0
194 35 35 0
195 35 45 0
196 35 35 0
197 36 38 0
198 36 36 0
199 36 45 0
200 36 39 0
201 36 52 0
202 36 36 0
203 36 36 0
204 36 36 0
205 36 37 0
206 36 36 0
207 36 36 0
208 36 41 0
209 36 37 0
210 36 45 0
211 36 44 0
212 36 40 0
213 36 40 0
214 37 37 0
215 37 37 0
216 37 37 0
217 37 44 0
218 37 37 0
219 37 37 0
220 37 38 0
221 38 39 0
222 38 42 0
223 38 38 0
224 38 38 0
225 38 48 0
226 38 38 0
227 38 38 0
228 38 38 0
229 39 41 0
230 39 48 0
231 39 44 0
232 40 51 0
233 40 44 0
234 40 45 0
235 40 42 0
236 41 51 0
237 41 59 0
238 41 59 0
239 41 41 0
240 41 43 0
241 42 42 0
242 42 49 0
243 42 42 0
244 42 48 0
245 42 52 0
246 42 42 0
247 42 44 0
248 42 42 0
249 43 51 0
250 43 58 0
251 43 46 0
252 43 43 0
253 43 49 0
254 43 43 0
255 43 45 0
256 43 43 0
257 43 43 0
258 44 46 0
259 44 44 0
260 44 44 0
261 44 44 0
262 44 44 0
263 44 44 0
264 45 49 0
265 45 45 0
266 45 60 0
267 45 49 0
268 45 45 0
269 46 50 0
270 46 56 0
271 46 50 0
272 46 50 0
273 46 55 0
274 46 48 0
275 46 46 0
276 47 51 0
277 47 47 0
278 47 47 0
279 48 53 0
280 48 49 0
281 49 55 0
282 49 59 0
283 49 56 0
284 49 49 0
285 49 51 0
286 49 51 0
287 50 55 0
288 50 60 0
289 50 54 0
290 50 51 0
291 50 50 0
292 50 50 0
293 51 57 0
294 51 55 0
295 51 51 0
296 51 53 0
297 51 51 0
298 51 51 0
299 51 51 0
300 51 51 0
301 52 59 0
302 52 55 0
303 52 58 0
304 52 55 0
305 52 52 0
306 52 52 0
307 52 52 0
308 52 52 0
309 52 56 0
310 52 52 0
311 52 52 0
312 52 52 0
313 52 56 0
314 52 56 0
315 53 54 0
316 53 57 0
317 53 53 0
318 53 53 0
319 53 57 0
320 53 56 0
321 53 53 0
322 54 58 0
323 54 60 0
324 54 58 0
325 54 54 0
326 54 54 0
327 55 62 0
328 55 61 0
329 55 59 0
330 55 55 0
331 55 55 0
332 55 55 0
333 55 55 0
334 55 57 0
335 55 55 0
336 56 58 0
337 56 57 0
338 56 60 0
339 56 56 0
340 56 59 0
341 56 65 0
342 56 61 0
343 56 56 0
344 56 56 0
345 57 62 0
346 57 58 0
347 57 57 0
348 57 61 0
349 57 62 0
350 57 57 0
351 57 57 0
352 57 72 0
353 57 60 0
354 57 57 0
355 57 57 0
356 57 57 0
357 58 60 0
358 58 60 0
359 58 62 0
360 58 58 0
361 58 58 0
362 58 62 0
363 58 58 0
364 58 58 0
365 58 58 0
366 58 58 0
367 58 58 0
368 58 59 0
369 58 67 0
370 58 62 0
371 59 64 0
372 59 59 0
373 59 63 0
374 59 59 0
375 59 59 0
376 59 59 0
377 59 63 0
378 59 59 0
379 59 63 0
380 59 63 0
381 59 59 0
382 59 59 0
383 59 64 0
384 59 59 0
385 59 59 0
386 59 63 0
387 59 59 0
388 59 59 0
389 59 59 0
390 59 59 0
391 59 71 0
392 59 62 0
393 59 59 0
394 59 59 0
395 60 63 0
396 60 60 0
397 60 64 0
398 60 60 0
399 60 76 0
400 60 64 0
401 60 64 0
402 60 80 0
403 60 60 0
404 60 60 0
405 60 64 0
406 60 74 0
407 60 62 0
408 60 68 0
409 60 61 0
410 60 64 0
411 60 61 0
412 60 64 0
413 60 65 0
414 61 62 0
415 61 67 0
416 61 65 0
417 61 61 0
418 61 61 0
419 61 65 0
420 61 61 0
421 61 65 0
422 61 61 0
423 61 61 0
424 61 74 0
425 61 78 0
426 61 62 0
427 61 61 0
428 61 61 0
429 61 61 0
430 61 61 0
431 61 61 0
432 62 70 0
433 62 66 0
434 62 66 0
435 62 62 0
436 62 62 0
437 62 77 0
438 62 62 0
439 62 62 0
440 62 62 0
441 62 66 0
442 62 66 0
443 62 82 0
444 62 62 0
445 62 62 0
446 62 62 0
447 62 66 0
448 63 72 0
449 63 67 0
450 63 64 0
451 63 71 0
452 63 67 0
453 63 67 0
454 63 63 0
455 63 68 0
456 63 63 0
457 63 63 0
458 63 67 0
459 63 73 0
460 63 63 0
461 63 63 0
462 63 67 0
463 63 63 0
464 63 67 0
465 64 86 0
466 64 64 0
467 64 65 0
468 64 68 0
469 64 78 0
470 64 65 0
471 64 68 0
472 64 71 0
473 64 64 0
474 64 64 0
475 64 64 0
476 64 64 0
477 65 66 0
478 65 69 0
479 65 79 0
480 65 95 0
481 65 74 0
482 65 69 0
483 65 69 0
484 65 65 0
485 65 69 0
486 65 69 0
487 65 65 0
488 65 65 0
489 66 70 0
490 66 84 0
491 66 80 0
492 66 75 0
493 66 70 0
494 66 66 0
495 66 85 0
496 66 66 0
497 66 66 0
498 66 80 0
499 66 66 0
500 66 66 0
501 67 70 0
502 67 81 0
503 67 68 0
504 67 75 0
505 67 67 0
506 67 73 0
507 67 67 0
508 67 74 0
509 68 80 0
510 68 72 0
511 68 72 0
512 68 74 0
513 68 69 0
514 68 85 0
515 68 71 0
516 68 68 0
517 68 72 0
518 68 68 0
519 68 72 0
520 68 68 0
521 68 68 0
522 69 73 0
523 69 86 0
524 69 75 0
525 69 69 0
526 69 69 0
527 69 69 0
528 69 69 0
529 69 69 0
530 70 74 0
531 70 74 0
532 70 74 0
533 70 70 0
534 70 88 0
535 70 70 0
536 70 70 0
537 70 70 0
538 70 70 0
539 70 74 0
540 70 70 0
541 70 70 0
542 70 70 0
543 70 70 0
544 70 70 0
545 70 70 0
546 70 70 0
547 70 73 0
548 71 75 0
549 71 80 0
550 71 71 0
551 71 71 0
552 71 71 0
553 71 71 0
554 71 79 0
555 71 71 0
556 71 71 0
557 71 71 0
558 71 71 0
559 71 85 0
560 71 71 0
561 71 75 0
562 71 75 0
563 71 71 0
564 71 75 0
565 71 75 0
566 72 76 0
567 72 84 0
568 72 72 0
569 72 72 0
570 72 72 0
571 72 72 0
572 72 76 0
573 73 81 0
574 73 116 0
575 73 82 0
576 73 77 0
577 73 77 0
578 73 82 0
579 73 77 0
580 73 73 0
581 73 73 0
582 74 83 0
583 74 78 0
584 74 78 0
585 74 74 0
586 74 74 0
587 74 74 0
588 74 74 0
589 74 78 0
590 74 74 0
591 74 74 0
592 74 74 0
593 75 79 0
594 75 84 0
595 75 87 0
596 75 84 0
597 75 79 0
598 75 78 0
599 75 84 0
600 75 79 0
601 75 78 0
602 75 84 0
603 75 75 0
604 75 75 0
605 75 79 0
606 76 81 0
607 76 80 0
608 76 80 0
609 76 78 0
610 76 77 0
611 76 83 0
612 76 76 0
613 76 76 0
614 76 93 0
615 76 76 0
616 77 81 0
617 77 81 0
618 77 86 0
619 77 84 0
620 78 82 0
621 78 87 0
622 78 91 0
623 78 83 0
624 78 82 0
625 78 78 0
626 79 86 0
627 79 88 0
628 79 79 0
629 79 79 0
630 79 79 0
631 79 79 0
632 79 79 0
633 79 82 0
634 79 87 0
635 79 79 0
636 80 84 0
637 80 84 0
638 80 85 0
639 80 84 0
640 80 89 0
641 80 80 0
642 80 84 0
643 80 80 0
644 80 84 0
645 80 84 0
646 80 84 0
647 80 80 0
648 80 84 0
649 80 83 0
650 80 88 0
651 80 97 0
652 81 87 0
653 81 84 0
654 81 87 0
655 81 82 0
656 81 85 0
657 81 85 0
658 81 81 0
659 81 81 0
660 82 97 0
661 82 86 0
662 82 89 0
663 82 83 0
664 82 82 0
665 82 82 0
666 82 86 0
667 82 82 0
668 82 82 0
669 82 86 0
670 82 84 0
671 83 86 0
672 83 94 0
673 83 86 0
674 83 87 0
675 83 87 0
676 83 85 0
677 83 83 0
678 83 90 0
679 83 83 0
680 83 83 0
681 83 83 0
682 84 84 0
683 84 84 0
684 84 93 0
685 84 85 0
686 84 87 0
687 84 84 0
688 84 84 0
689 84 84 0
690 84 84 0
691 84 84 0
692 84 84 0
693 84 84 0
694 84 84 0
695 84 84 0
696 84 84 0
697 85 91 0
698 85 89 0
699 85 86 0
700 85 89 0
701 85 87 0
702 85 89 0
703 85 94 0
704 85 94 0
705 85 89 0
706 85 88 0
707 85 86 0
708 85 86 0
709 85 85 0
710 85 85 0
711 85 87 0
712 85 89 0
713 85 86 0
714 85 85 0
715 85 85 0
716 85 85 0
717 85 86 0
718 85 94 0
719 85 85 0
720 85 105 0
721 85 85 0
722 85 89 0
723 85 86 0
724 85 96 0
725 85 95 0
726 85 85 0
727 85 91 0
728 85 86 0
729 86 86 0
730 86 100 0
731 86 90 0
732 86 90 0
733 86 86 0
734 86 86 0
735 86 95 0
736 86 86 0
737 86 90 0
738 86 86 0
739 86 86 0
740 86 86 0
741 86 86 0
742 86 90 0
743 86 86 0
744 86 86 0
745 86 86 0
746 86 86 0
747 86 95 0
748 86 90 0
749 86 86 0
750 86 86 0
751 86 86 0
752 86 90 0
753 86 86 0
754 86 86 0
755 86 86 0
756 86 100 0
757 86 86 0
758 86 100 0
759 86 90 0
760 86 86 0
761 86 90 0
762 86 86 0
763 86 86 0
764 86 86 0
765 86 91 0
766 87 95 0
767 87 88 0
768 87 87 0
769 87 96 0
770 87 94 0
771 87 87 0
772 87 91 0
773 87 91 0
774 87 87 0
775 87 96 0
776 87 96 0
777 87 101 0
778 87 87 0
779 87 87 0
780 87 87 0
781 87 106 0
782 87 87 0
783 87 96 0
784 87 90 0
785 87 87 0
786 87 88 0
787 87 96 0
788 87 87 0
789 87 87 0
790 87 91 0
791 87 91 0
792 87 87 0
793 87 97 0
794 87 91 0
795 87 87 0
796 87 87 0
797 87 87 0
798 87 96 0
799 87 91 0
800 87 87 0
801 87 87 0
802 87 96 0
803 87 87 0
804 87 87 0
805 87 92 0
806 87 91 0
807 87 91 0
808 87 88 0
809 88 89 0
810 88 105 0
811 88 90 0
812 88 92 0
813 88 88 0
814 88 93 0
815 88 93 0
816 88 92 0
817 88 88 0
818 88 88 0
819 88 95 0
820 88 92 0
821 88 88 0
822 88 101 0
823 88 88 0
824 88 92 0
825 88 88 0
826 88 92 0
827 88 92 0
828 88 92 0
829 88 88 0
830 88 90 0
831 89 101 0
832 89 94 0
833 89 104 0
834 89 100 0
835 89 89 0
836 89 89 0
837 89 93 0
838 89 93 0
839 89 93 0
840 89 93 0
841 89 93 0
842 89 96 0
843 89 93 0
844 89 93 0
845 89 89 0
846 89 89 0
847 89 90 0
848 89 93 0
849 89 89 0
850 89 89 0
851 89 89 0
852 89 89 0
853 90 107 0
854 90 94 0
855 90 99 0
856 90 99 0
857 90 94 0
858 90 104 0
859 90 94 0
860 90 94 0
861 90 90 0
862 90 90 0
863 90 90 0
864 90 94 0
865 90 101 0
866 91 95 0
867 91 105 0
868 91 108 0
869 91 100 0
870 91 95 0
871 91 95 0
872 91 95 0
873 91 95 0
874 91 95 0
875 91 91 0
876 91 95 0
877 91 91 0
878 91 91 0
879 91 91 0
880 91 95 0
881 91 97 0
882 91 96 0
883 92 96 0
884 92 96 0
885 92 115 0
886 92 94 0
887 92 96 0
888 92 96 0
889 92 96 0
890 92 96 0
891 92 96 0
892 92 95 0
893 92 92 0
894 92 92 0
895 92 92 0
896 92 92 0
897 93 97 0
898 93 97 0
899 93 97 0
900 93 97 0
901 93 97 0
902 93 103 0
903 93 97 0
904 93 104 0
905 93 97 0
906 93 93 0
907 93 93 0
908 93 93 0
909 93 93 0
910 93 97 0
911 94 98 0
912 94 113 0
913 94 97 0
914 94 98 0
915 94 113 0
916 94 117 0
917 94 98 0
918 94 103 0
919 94 98 0
920 94 113 0
921 94 98 0
922 94 94 0
923 94 94 0
924 94 94 0
925 94 94 0
926 95 119 0
927 95 99 0
928 95 99 0
929 95 102 0
930 95 104 0
931 95 140 0
932 95 102 0
933 95 97 0
934 95 99 0
935 95 99 0
936 95 98 0
937 95 95 0
938 95 95 0
939 95 95 0
940 95 95 0
941 95 95 0
942 95 96 0
943 95 95 0
944 95 95 0
945 95 96 0
946 96 100 0
947 96 100 0
948 96 100 0
949 96 107 0
950 96 105 0
951 96 105 0
952 96 105 0
953 96 100 0
954 96 99 0
955 96 100 0
956 96 100 0
957 96 100 0
958 96 100 0
959 96 96 0
960 96 99 0
961 96 96 0
962 96 96 0
963 96 96 0
964 96 100 0
965 96 96 0
966 96 96 0
967 96 96 0
968 96 96 0
969 96 100 0
970 96 100 0
971 97 106 0
972 97 97 0
973 97 111 0
974 97 103 0
975 97 101 0
976 97 104 0
977 97 106 0
978 97 127 0
979 97 101 0
980 97 101 0
981 97 104 0
982 97 101 0
983 97 101 0
984 97 101 0
985 97 106 0
986 97 97 0
987 97 97 0
988 97 97 0
989 97 97 0
990 97 97 0
991 97 112 0
992 97 97 0
993 97 116 0
994 97 97 0
995 97 111 0
996 97 103 0
997 97 97 0
998 98 112 0
999 98 102 0
1000 98 102 0
1001 98 102 0
1002 98 115 0
1003 98 102 0
1004 98 98 0
1005 98 104 0
1006 98 107 0
1007 98 110 0
1008 98 102 0
1009 98 98 0
1010 98 107 0
1011 98 107 0
1012 98 102 0
1013 98 98 0
1014 98 103 0
1015 98 104 0
1016 98 107 0
1017 99 103 0
1018 99 108 0
1019 99 120 0
1020 99 103 0
1021 99 106 0
1022 99 108 0
1023 99 99 0
1024 99 99 0
1025 99 99 0
1026 99 109 0
1027 99 99 0
1028 99 99 0
1029 99 99 0
1030 99 99 0
1031 99 99 0
1032 100 104 0
1033 100 104 0
1034 100 112 0
1035 100 104 0
1036 100 101 0
1037 100 101 0
1038 100 101 0
1039 100 109 0
1040 100 100 0
1041 100 100 0
1042 100 100 0
1043 100 100 0
1044 100 100 0
1045 101 105 0
1046 101 105 0
1047 101 110 0
1048 101 107 0
1049 101 105 0
1050 101 118 0
1051 101 105 0
1052 101 102 0
1053 101 106 0
1054 101 101 0
1055 101 105 0
1056 101 105 0
1057 101 105 0
1058 101 104 0
1059 101 115 0
1060 101 101 0
1061 101 101 0
1062 101 101 0
1063 101 101 0
1064 101 101 0
1065 101 101 0
1066 101 105 0
1067 101 120 0
1068 101 105 0
1069 101 106 0
1070 101 101 0
1071 102 111 0
1072 102 106 0
1073 102 106 0
1074 102 109 0
1075 102 106 0
1076 102 124 0
1077 102 111 0
1078 102 106 0
1079 102 104 0
1080 102 106 0
1081 102 106 0
1082 102 109 0
1083 102 106 0
1084 102 102 0
1085 102 111 0
1086 102 102 0
1087 102 102 0
1088 102 102 0
1089 102 102 0
1090 102 102 0
1091 102 106 0
1092 102 115 0
1093 102 102 0
1094 102 102 0
1095 102 102 0
1096 103 107 0
1097 103 107 0
1098 103 112 0
1099 103 107 0
1100 103 109 0
1101 103 107 0
1102 103 107 0
1103 103 110 0
1104 103 105 0
1105 103 110 0
1106 103 104 0
1107 103 103 0
1108 103 107 0
1109 103 103 0
1110 103 104 0
1111 103 103 0
1112 103 109 0
1113 103 106 0
1114 103 107 0
1115 103 103 0
1116 104 108 0
1117 104 104 0
1118 104 105 0
1119 104 108 0
1120 104 104 0
1121 104 104 0
1122 104 104 0
1123 104 104 0
1124 104 104 0
1125 104 104 0
1126 104 104 0
1127 104 108 0
1128 104 110 0
1129 104 104 0
1130 104 104 0
1131 105 106 0
1132 105 109 0
1133 105 111 0
1134 105 114 0
1135 105 109 0
1136 105 109 0
1137 105 112 0
1138 105 105 0
1139 105 109 0
1140 105 105 0
1141 105 116 0
1142 105 111 0
1143 105 105 0
1144 105 105 0
1145 105 105 0
1146 105 105 0
1147 105 105 0
1148 105 105 0
1149 105 105 0
1150 105 105 0
1151 105 105 0
1152 105 106 0
1153 106 110 0
1154 106 110 0
1155 106 110 0
1156 106 110 0
1157 106 115 0
1158 106 107 0
1159 106 110 0
1160 106 110 0
1161 106 110 0
1162 106 110 0
1163 106 112 0
1164 106 110 0
1165 106 110 0
1166 106 120 0
1167 106 106 0
1168 106 112 0
1169 106 106 0
1170 106 106 0
1171 106 122 0
1172 106 106 0
1173 106 106 0
1174 106 110 0
1175 106 106 0
1176 106 115 0
1177 106 109 0
1178 106 106 0
1179 106 107 0
1180 107 111 0
1181 107 111 0
1182 107 116 0
1183 107 150 0
1184 107 116 0
1185 107 111 0
1186 107 111 0
1187 107 120 0
1188 107 111 0
1189 107 111 0
1190 107 108 0
1191 107 111 0
1192 107 112 0
1193 107 111 0
1194 107 113 0
1195 107 107 0
1196 107 117 0
1197 107 107 0
1198 107 107 0
1199 107 107 0
1200 107 108 0
1201 107 107 0
1202 107 107 0
1203 107 107 0
1204 107 107 0
1205 107 107 0
1206 107 114 0
1207 108 112 0
1208 108 112 0
1209 108 127 0
1210 108 108 0
1211 108 119 0
1212 108 117 0
1213 108 117 0
1214 108 120 0
1215 108 112 0
1216 108 112 0
1217 108 140 0
1218 108 115 0
1219 108 108 0
1220 108 110 0
1221 108 116 0
1222 108 108 0
1223 108 112 0
1224 108 108 0
1225 108 108 0
1226 108 112 0
1227 108 115 0
1228 108 108 0
1229 108 109 0
1230 108 108 0
1231 108 137 0
1232 108 108 0
1233 108 109 0
1234 108 108 0
1235 108 108 0
1236 109 117 0
1237 109 113 0
1238 109 109 0
1239 109 113 0
1240 109 115 0
1241 109 116 0
1242 109 109 0
1243 109 109 0
1244 109 109 0
1245 109 109 0
1246 109 113 0
1247 109 113 0
1248 109 113 0
1249 109 109 0
1250 109 113 0
1251 109 109 0
1252 110 112 0
1253 110 114 0
1254 110 113 0
1255 110 114 0
1256 110 114 0
1257 110 114 0
1258 110 125 0
1259 110 110 0
1260 110 110 0
1261 110 118 0
1262 110 110 0
1263 110 114 0
1264 110 110 0
1265 110 114 0
1266 110 110 0
1267 110 120 0
1268 110 110 0
1269 110 116 0
1270 111 125 0
1271 111 118 0
1272 111 120 0
1273 111 115 0
1274 111 117 0
1275 111 113 0
1276 111 133 0
1277 111 120 0
1278 111 115 0
1279 111 115 0
1280 111 111 0
1281 111 115 0
1282 111 115 0
1283 111 111 0
1284 111 115 0
1285 111 111 0
1286 111 111 0
1287 111 111 0
1288 111 111 0
1289 111 111 0
1290 111 111 0
1291 111 111 0
1292 111 111 0
1293 111 111 0
1294 111 111 0
1295 112 121 0
1296 112 112 0
1297 112 118 0
1298 112 120 0
1299 112 117 0
1300 112 118 0
1301 112 116 0
1302 112 117 0
1303 112 120 0
1304 112 116 0
1305 112 116 0
1306 112 123 0
1307 112 115 0
1308 112 132 0
1309 112 117 0
1310 112 112 0
1311 112 112 0
1312 112 112 0
1313 112 112 0
1314 112 112 0
1315 112 112 0
1316 112 113 0
1317 112 112 0
1318 112 112 0
1319 112 113 0
1320 112 112 0
1321 112 112 0
1322 112 112 0
1323 113 117 0
1324 113 128 0
1325 113 121 0
1326 113 113 0
1327 113 120 0
1328 113 158 0
1329 113 113 0
1330 113 138 0
1331 113 117 0
1332 113 122 0
1333 113 125 0
1334 113 122 0
1335 113 119 0
1336 113 117 0
1337 113 113 0
1338 113 113 0
1339 113 122 0
1340 113 113 0
1341 113 116 0
1342 113 115 0
1343 113 113 0
1344 113 113 0
1345 113 113 0
1346 113 113 0
1347 113 113 0
1348 113 123 0
1349 114 118 0
1350 114 126 0
1351 114 128 0
1352 114 123 0
1353 114 126 0
1354 114 127 0
1355 114 117 0
1356 114 128 0
1357 114 118 0
1358 114 114 0
1359 114 114 0
1360 114 125 0
1361 114 118 0
1362 114 114 0
1363 114 128 0
1364 114 114 0
1365 114 130 0
1366 114 118 0
1367 114 118 0
1368 115 122 0
1369 115 126 0
1370 115 120 0
1371 115 126 0
1372 115 119 0
1373 115 116 0
1374 115 138 0
1375 115 119 0
1376 115 119 0
1377 115 115 0
1378 115 119 0
1379 115 119 0
1380 115 122 0
1381 115 119 0
1382 115 115 0
1383 115 115 0
1384 115 119 0
1385 115 115 0
1386 115 115 0
1387 115 115 0
1388 115 115 0
1389 115 115 0
1390 115 120 0
1391 116 125 0
1392 116 118 0
1393 116 123 0
1394 116 120 0
1395 116 120 0
1396 116 120 0
1397 116 124 0
1398 116 122 0
1399 116 120 0
1400 116 120 0
1401 116 120 0
1402 116 117 0
1403 116 116 0
1404 116 121 0
1405 116 116 0
1406 116 125 0
1407 116 116 0
1408 116 116 0
1409 116 116 0
1410 116 116 0
1411 116 120 0
1412 116 119 0
1413 116 137 0
1414 116 119 0
1415 116 116 0
1416 116 116 0
1417 117 123 0
1418 117 121 0
1419 117 131 0
1420 117 119 0
1421 117 126 0
1422 117 131 0
1423 117 121 0
1424 117 123 0
1425 117 120 0
1426 117 117 0
1427 117 117 0
1428 117 117 0
1429 117 120 0
1430 117 120 0
1431 117 120 0
1432 117 117 0
1433 117 133 0
1434 117 117 0
1435 117 122 0
1436 117 117 0
1437 117 119 0
1438 117 124 0
1439 117 119 0
1440 118 122 0
1441 118 132 0
1442 118 140 0
1443 118 120 0
1444 118 131 0
1445 118 122 0
1446 118 152 0
1447 118 122 0
1448 118 128 0
1449 118 118 0
1450 118 121 0
1451 118 118 0
1452 118 118 0
1453 118 118 0
1454 118 118 0
1455 118 122 0
1456 118 121 0
1457 118 118 0
1458 118 118 0
1459 118 118 0
1460 118 118 0
1461 118 119 0
1462 118 122 0
1463 118 118 0
1464 118 118 0
1465 118 120 0
1466 118 122 0
1467 119 125 0
1468 119 126 0
1469 119 123 0
1470 119 123 0
1471 119 120 0
1472 119 128 0
1473 119 119 0
1474 119 128 0
1475 119 121 0
1476 119 137 0
1477 119 119 0
1478 119 119 0
1479 119 123 0
1480 119 119 0
1481 119 119 0
1482 119 119 0
1483 119 121 0
1484 119 129 0
1485 119 119 0
1486 119 119 0
1487 119 123 0
1488 119 133 0
1489 119 119 0
1490 119 123 0
1491 120 120 0
1492 120 120 0
1493 120 120 0
1494 120 124 0
1495 120 139 0
1496 120 124 0
1497 120 139 0
1498 120 120 0
1499 120 129 0
1500 120 121 0
1501 120 132 0
1502 120 124 0
1503 120 124 0
1504 120 120 0
1505 120 120 0
1506 120 120 0
1507 120 120 0
1508 120 120 0
1509 120 124 0
1510 120 127 0
1511 120 120 0
1512 120 120 0
1513 120 120 0
1514 120 125 0
1515 120 124 0
1516 120 120 0
1517 120 120 0
1518 120 121 0
1519 120 120 0
1520 120 122 0
1521 120 128 0
1522 120 120 0
1523 120 138 0
1524 120 123 0
1525 120 125 0
1526 120 120 0
1527 120 120 0
1528 120 125 0
1529 120 120 0
1530 120 120 0
1531 120 129 0
1532 120 144 0
1533 120 130 0
1534 121 125 0
1535 121 135 0
1536 121 123 0
1537 121 123 0
1538 121 128 0
1539 121 124 0
1540 121 124 0
1541 121 125 0
1542 121 125 0
1543 121 123 0
1544 121 130 0
1545 121 125 0
1546 121 124 0
1547 121 121 0
1548 121 121 0
1549 121 121 0
1550 121 135 0
1551 121 130 0
1552 121 122 0
1553 121 135 0
1554 121 134 0
1555 121 130 0
1556 121 121 0
1557 121 121 0
1558 121 128 0
1559 121 127 0
1560 121 124 0
1561 121 136 0
1562 121 124 0
1563 121 130 0
1564 121 131 0
1565 121 127 0
1566 121 128 0
1567 121 157 0
1568 121 121 0
1569 121 122 0
1570 121 125 0
1571 121 121 0
1572 121 123 0
1573 121 138 0
1574 121 125 0
1575 121 125 0
1576 121 121 0
1577 121 121 0
1578 121 128 0
1579 121 121 0
1580 121 121 0
1581 121 121 0
1582 121 130 0
1583 121 121 0
1584 121 124 0
1585 121 125 0
1586 121 125 0
1587 121 128 0
1588 121 125 0
1589 121 121 0
1590 121 125 0
1591 121 121 0
1592 122 131 0
1593 122 125 0
1594 122 144 0
1595 122 127 0
1596 122 137 0
1597 122 123 0
1598 122 126 0
1599 122 122 0
1600 122 122 0
1601 122 152 0
1602 122 146 0
1603 122 134 0
1604 122 124 0
1605 122 122 0
1606 122 132 0
1607 122 129 0
1608 122 122 0
1609 122 122 0
1610 122 122 0
1611 122 124 0
1612 122 122 0
1613 122 122 0
1614 122 141 0
1615 122 122 0
1616 122 123 0
1617 122 122 0
1618 122 122 0
1619 122 129 0
1620 122 122 0
1621 122 122 0
1622 122 129 0
1623 122 122 0
1624 122 126 0
1625 122 132 0
1626 122 134 0
1627 122 122 0
1628 122 123 0
1629 122 122 0
1630 122 122 0
1631 122 132 0
1632 122 123 0
1633 122 122 0
1634 123 123 0
1635 123 129 0
1636 123 127 0
1637 123 128 0
1638 123 137 0
1639 123 127 0
1640 123 147 0
1641 123 127 0
1642 123 135 0
1643 123 126 0
1644 123 126 0
1645 123 123 0
1646 123 130 0
1647 123 128 0
1648 123 132 0
1649 123 150 0
1650 123 134 0
1651 123 125 0
1652 123 123 0
1653 123 138 0
1654 123 125 0
1655 123 128 0
1656 123 128 0
1657 123 123 0
1658 123 125 0
1659 123 127 0
1660 123 123 0
1661 123 123 0
1662 123 135 0
1663 123 123 0
1664 123 123 0
1665 123 126 0
1666 123 123 0
1667 123 126 0
1668 123 126 0
1669 123 123 0
1670 123 123 0
1671 123 123 0
1672 123 123 0
1673 123 123 0
1674 123 142 0
1675 123 123 0
1676 123 123 0
1677 124 124 0
1678 124 130 0
1679 124 163 0
1680 124 133 0
1681 124 138 0
1682 124 138 0
1683 124 125 0
1684 124 128 0
1685 124 130 0
1686 124 124 0
1687 124 124 0
1688 124 126 0
1689 124 128 0
1690 124 124 0
1691 124 124 0
1692 124 132 0
1693 124 124 0
1694 124 126 0
1695 124 126 0
1696 124 150 0
1697 124 127 0
1698 124 139 0
1699 124 124 0
1700 124 124 0
1701 124 131 0
1702 124 124 0
1703 124 124 0
1704 124 128 0
1705 124 124 0
1706 124 124 0
1707 124 124 0
1708 124 145 0
1709 124 128 0
1710 124 125 0
1711 124 124 0
1712 124 124 0
1713 124 156 0
1714 124 124 0
1715 124 124 0
1716 124 124 0
1717 124 128 0
1718 124 133 0
1719 124 127 0
1720 124 127 0
1721 124 124 0
1722 124 131 0
1723 124 141 0
1724 125 129 0
1725 125 132 0
1726 125 133 0
1727 125 134 0
1728 125 142 0
1729 125 129 0
1730 125 125 0
1731 125 125 0
1732 125 134 0
1733 125 125 0
1734 125 125 0
1735 125 125 0
1736 125 125 0
1737 125 149 0
1738 125 125 0
1739 125 136 0
1740 125 129 0
1741 125 125 0
1742 125 133 0
1743 125 139 0
1744 125 125 0
1745 125 140 0
1746 125 128 0
1747 125 125 0
1748 125 128 0
1749 125 134 0
1750 125 125 0
1751 125 127 0
1752 126 130 0
1753 126 160 0
1754 126 137 0
1755 126 130 0
1756 126 130 0
1757 126 130 0
1758 126 130 0
1759 126 126 0
1760 126 131 0
1761 126 130 0
1762 126 135 0
1763 126 137 0
1764 126 145 0
1765 126 130 0
1766 126 130 0
1767 126 144 0
1768 126 130 0
1769 126 136 0
1770 126 131 0
1771 126 130 0
1772 126 126 0
1773 126 130 0
1774 126 126 0
1775 126 126 0
1776 126 126 0
1777 126 129 0
1778 126 130 0
1779 126 127 0
1780 126 126 0
1781 126 145 0
1782 126 148 0
1783 126 138 0
1784 126 126 0
1785 126 126 0
1786 126 126 0
1787 126 126 0
1788 126 130 0
1789 126 126 0
1790 126 126 0
1791 126 127 0
1792 126 126 0
1793 126 131 0
1794 126 135 0
1795 126 126 0
1796 127 131 0
1797 127 127 0
1798 127 127 0
1799 127 127 0
1800 127 127 0
1801 127 132 0
1802 127 146 0
1803 127 127 0
1804 127 127 0
1805 127 127 0
1806 127 148 0
1807 127 127 0
1808 127 142 0
1809 127 137 0
1810 127 127 0
1811 127 132 0
1812 127 127 0
1813 127 128 0
1814 127 127 0
1815 127 130 0
1816 127 127 0
1817 127 129 0
1818 127 133 0
1819 127 127 0
1820 127 127 0
1821 127 131 0
1822 127 127 0
1823 128 142 0
1824 128 135 0
1825 128 138 0
1826 128 131 0
1827 128 132 0
1828 128 128 0
1829 128 128 0
1830 128 130 0
1831 128 128 0
1832 128 135 0
1833 128 149 0
1834 128 128 0
1835 128 136 0
1836 128 132 0
1837 128 128 0
1838 128 133 0
1839 128 132 0
1840 128 169 0
1841 128 130 0
1842 128 128 0
1843 128 128 0
1844 128 134 0
1845 128 141 0
1846 128 131 0
1847 128 130 0
1848 128 128 0
1849 128 128 0
1850 128 128 0
1851 128 130 0
1852 128 144 0
1853 128 134 0
1854 128 137 0
1855 128 128 0
1856 128 128 0
1857 128 128 0
1858 128 145 0
1859 128 128 0
1860 129 138 0
1861 129 138 0
1862 129 132 0
1863 129 133 0
1864 129 142 0
1865 129 141 0
1866 129 144 0
1867 129 148 0
1868 129 161 0
1869 129 134 0
1870 129 156 0
1871 129 131 0
1872 129 138 0
1873 129 137 0
1874 129 138 0
1875 129 131 0
1876 129 129 0
1877 129 129 0
1878 129 133 0
1879 129 129 0
1880 129 129 0
1881 129 146 0
1882 129 129 0
1883 129 129 0
1884 129 130 0
1885 129 138 0
1886 129 129 0
1887 129 129 0
1888 129 150 0
1889 129 129 0
1890 129 129 0
1891 129 140 0
1892 129 136 0
1893 129 133 0
1894 129 129 0
1895 129 139 0
1896 129 129 0
1897 129 129 0
1898 129 133 0
1899 129 138 0
1900 130 137 0
1901 130 131 0
1902 130 136 0
1903 130 138 0
1904 130 134 0
1905 130 130 0
1906 130 134 0
1907 130 140 0
1908 130 130 0
1909 130 130 0
1910 130 130 0
1911 130 130 0
1912 130 130 0
1913 130 131 0
1914 130 130 0
1915 130 139 0
1916 130 133 0
1917 130 131 0
1918 130 147 0
1919 130 143 0
1920 130 149 0
1921 130 145 0
1922 130 130 0
1923 130 137 0
1924 130 134 0
1925 130 133 0
1926 130 131 0
1927 130 134 0
1928 130 130 0
1929 130 130 0
1930 130 130 0
1931 131 138 0
1932 131 156 0
1933 131 150 0
1934 131 132 0
1935 131 138 0
1936 131 145 0
1937 131 135 0
1938 131 135 0
1939 131 144 0
1940 131 135 0
1941 131 145 0
1942 131 136 0
1943 131 135 0
1944 131 138 0
1945 131 135 0
1946 131 135 0
1947 131 135 0
1948 131 135 0
1949 131 131 0
1950 131 158 0
1951 131 135 0
1952 131 136 0
1953 131 133 0
1954 131 140 0
1955 131 135 0
1956 131 143 0
1957 131 154 0
1958 131 132 0
1959 131 135 0
1960 131 133 0
1961 131 135 0
1962 131 131 0
1963 131 131 0
1964 131 132 0
1965 131 144 0
1966 131 131 0
1967 131 141 0
1968 131 131 0
1969 131 131 0
1970 131 135 0
1971 131 131 0
1972 131 131 0
1973 131 131 0
1974 131 131 0
1975 132 133 0
1976 132 136 0
1977 132 136 0
1978 132 132 0
1979 132 141 0
1980 132 149 0
1981 132 136 0
1982 132 132 0
1983 132 132 0
1984 132 132 0
1985 132 132 0
1986 132 134 0
1987 132 138 0
1988 132 132 0
1989 132 165 0
1990 132 132 0
1991 132 132 0
1992 132 132 0
1993 132 132 0
1994 132 132 0
1995 132 135 0
1996 132 132 0
1997 132 132 0
1998 132 143 0
1999 132 132 0
2000 132 132 0
2001 132 134 0
2002 132 132 0
2003 132 146 0
2004 132 142 0
2005 132 134 0
2006 132 132 0
2007 132 132 0
2008 132 132 0
2009 132 132 0
2010 132 132 0
2011 132 162 0
2012 132 132 0
2013 133 142 0
2014 133 153 0
2015 133 147 0
2016 133 136 0
2017 133 145 0
2018 133 152 0
2019 133 137 0
2020 133 137 0
2021 133 141 0
2022 133 143 0
2023 133 152 0
2024 133 133 0
2025 133 147 0
2026 133 133 0
2027 133 133 0
2028 133 133 0
2029 133 133 0
2030 133 133 0
2031 133 133 0
2032 133 133 0
2033 133 133 0
2034 133 137 0
2035 133 140 0
2036 133 141 0
2037 133 133 0
2038 133 133 0
2039 133 133 0
2040 133 133 0
2041 133 137 0
2042 133 133 0
2043 133 135 0
2044 133 133 0
2045 133 133 0
2046 133 136 0
2047 133 133 0
2048 133 133 0
2049 133 133 0
2050 134 151 0
2051 134 161 0
2052 134 138 0
2053 134 143 0
2054 134 162 0
2055 134 137 0
2056 134 136 0
2057 134 138 0
2058 134 141 0
2059 134 134 0
2060 134 151 0
2061 134 134 0
2062 134 143 0
2063 134 134 0
2064 134 139 0
2065 134 144 0
2066 134 137 0
2067 134 138 0
2068 134 138 0
2069 134 134 0
2070 134 134 0
2071 134 134 0
2072 134 134 0
2073 134 141 0
2074 134 134 0
2075 134 134 0
2076 134 134 0
2077 134 134 0
2078 134 134 0
2079 134 137 0
2080 134 138 0
2081 134 134 0
2082 134 134 0
2083 134 157 0
2084 135 139 0
2085 135 154 0
2086 135 139 0
2087 135 141 0
2088 135 152 0
2089 135 135 0
2090 135 142 0
2091 135 135 0
2092 135 135 0
2093 135 135 0
2094 135 140 0
2095 135 163 0
2096 135 135 0
2097 135 135 0
2098 135 135 0
2099 135 155 0
2100 135 135 0
2101 135 135 0
2102 135 145 0
2103 135 135 0
2104 135 139 0
2105 135 135 0
2106 135 135 0
2107 135 135 0
2108 135 155 0
2109 135 139 0
2110 135 139 0
2111 135 169 0
2112 136 148 0
2113 136 148 0
2114 136 140 0
2115 136 149 0
2116 136 149 0
2117 136 143 0
2118 136 145 0
2119 136 140 0
2120 136 138 0
2121 136 145 0
2122 136 163 0
2123 136 137 0
2124 136 143 0
2125 136 140 0
2126 136 140 0
2127 136 170 0
2128 136 136 0
2129 136 140 0
2130 136 142 0
2131 136 166 0
2132 136 140 0
2133 136 154 0
2134 136 136 0
2135 136 136 0
2136 136 140 0
2137 136 136 0
2138 136 136 0
2139 136 136 0
2140 136 136 0
2141 136 152 0
2142 136 140 0
2143 136 136 0
2144 136 136 0
2145 136 136 0
2146 136 141 0
2147 136 149 0
2148 137 146 0
2149 137 151 0
2150 137 155 0
2151 137 137 0
2152 137 137 0
2153 137 137 0
2154 137 154 0
2155 137 138 0
2156 137 137 0
2157 137 153 0
2158 137 141 0
2159 137 137 0
2160 137 137 0
2161 137 137 0
2162 137 137 0
2163 137 137 0
2164 137 162 0
2165 137 149 0
2166 138 142 0
2167 138 141 0
2168 138 152 0
2169 138 147 0
2170 138 146 0
2171 138 151 0
2172 138 148 0
2173 138 144 0
2174 138 147 0
2175 138 143 0
2176 138 138 0
2177 138 138 0
2178 138 142 0
2179 138 142 0
2180 138 138 0
2181 138 138 0
2182 138 138 0
2183 138 138 0
2184 138 138 0
2185 138 138 0
2186 138 138 0
2187 138 138 0
2188 138 166 0
2189 138 138 0
2190 138 147 0
2191 138 143 0
2192 138 139 0
2193 138 138 0
2194 138 138 0
2195 138 138 0
2196 138 138 0
2197 138 138 0
2198 139 144 0
2199 139 143 0
2200 139 162 0
2201 139 143 0
2202 139 152 0
2203 139 153 0
2204 139 143 0
2205 139 150 0
2206 139 152 0
2207 139 144 0
2208 139 143 0
2209 139 160 0
2210 139 156 0
2211 139 145 0
2212 139 148 0
2213 139 143 0
2214 139 141 0
2215 139 151 0
2216 139 149 0
2217 139 143 0
2218 139 154 0
2219 139 139 0
2220 139 139 0
2221 139 139 0
2222 139 141 0
2223 139 143 0
2224 139 139 0
2225 139 146 0
2226 139 143 0
2227 139 139 0
2228 139 139 0
2229 139 145 0
2230 139 139 0
2231 139 139 0
2232 139 139 0
2233 139 173 0
2234 139 139 0
2235 139 154 0
2236 139 143 0
2237 139 139 0
2238 139 141 0
2239 139 139 0
2240 139 139 0
2241 139 139 0
2242 140 155 0
2243 140 154 0
2244 140 149 0
2245 140 181 0
2246 140 140 0
2247 140 146 0
2248 140 144 0
2249 140 144 0
2250 140 147 0
2251 140 152 0
2252 140 147 0
2253 140 140 0
2254 140 140 0
2255 140 140 0
2256 140 140 0
2257 140 140 0
2258 140 144 0
2259 140 140 0
2260 140 140 0
2261 140 140 0
2262 140 140 0
2263 140 140 0
2264 140 143 0
2265 140 152 0
2266 140 156 0
2267 140 144 0
2268 140 140 0
2269 140 140 0
2270 140 150 0
2271 140 144 0
2272 140 140 0
2273 140 144 0
2274 140 144 0
2275 140 142 0
2276 141 157 0
2277 141 145 0
2278 141 149 0
2279 141 149 0
2280 141 150 0
2281 141 145 0
2282 141 150 0
2283 141 157 0
2284 141 185 0
2285 141 149 0
2286 141 150 0
2287 141 143 0
2288 141 150 0
2289 141 141 0
2290 141 141 0
2291 141 141 0
2292 141 145 0
2293 141 141 0
2294 141 141 0
2295 141 145 0
2296 141 141 0
2297 141 141 0
2298 141 141 0
2299 141 141 0
2300 142 150 0
2301 142 144 0
2302 142 146 0
2303 142 154 0
2304 142 154 0
2305 142 146 0
2306 142 149 0
2307 142 146 0
2308 142 142 0
2309 142 145 0
2310 142 142 0
2311 142 151 0
2312 142 150 0
2313 142 151 0
2314 142 145 0
2315 142 142 0
2316 142 142 0
2317 142 142 0
2318 142 142 0
2319 142 148 0
2320 142 142 0
2321 142 142 0
2322 142 142 0
2323 142 166 0
2324 142 159 0
2325 142 151 0
2326 142 142 0
2327 142 142 0
2328 142 142 0
2329 142 142 0
2330 142 142 0
2331 142 142 0
2332 142 142 0
2333 142 142 0
2334 143 158 0
2335 143 152 0
2336 143 152 0
2337 143 152 0
2338 143 147 0
2339 143 162 0
2340 143 152 0
2341 143 160 0
2342 143 144 0
2343 143 143 0
2344 143 143 0
2345 143 145 0
2346 143 143 0
2347 143 145 0
2348 143 158 0
2349 143 143 0
2350 143 143 0
2351 143 147 0
2352 143 143 0
2353 143 149 0
2354 143 155 0
2355 143 162 0
2356 143 145 0
2357 143 143 0
2358 143 143 0
2359 143 171 0
2360 143 143 0
2361 143 143 0
2362 143 159 0
2363 143 148 0
2364 143 143 0
2365 143 147 0
2366 143 143 0
2367 143 143 0
2368 143 143 0
2369 143 144 0
2370 143 143 0
2371 143 143 0
2372 144 151 0
2373 144 159 0
2374 144 151 0
2375 144 151 0
2376 144 148 0
2377 144 148 0
2378 144 160 0
2379 144 157 0
2380 144 148 0
2381 144 153 0
2382 144 153 0
2383 144 144 0
2384 144 148 0
2385 144 148 0
2386 144 151 0
2387 144 147 0
2388 144 144 0
2389 144 151 0
2390 144 144 0
2391 144 147 0
2392 144 144 0
2393 144 147 0
2394 144 146 0
2395 144 144 0
2396 144 149 0
2397 144 146 0
2398 144 152 0
2399 144 144 0
2400 144 151 0
2401 144 147 0
2402 144 144 0
2403 144 153 0
2404 145 179 0
2405 145 159 0
2406 145 149 0
2407 145 151 0
2408 145 157 0
2409 145 165 0
2410 145 169 0
2411 145 153 0
2412 145 152 0
2413 145 149 0
2414 145 145 0
2415 145 145 0
2416 145 149 0
2417 145 149 0
2418 145 150 0
2419 145 146 0
2420 145 145 0
2421 145 158 0
2422 145 145 0
2423 145 145 0
2424 145 152 0
2425 145 146 0
2426 145 145 0
2427 145 145 0
2428 145 153 0
2429 145 181 0
2430 145 149 0
2431 145 145 0
2432 145 147 0
2433 145 145 0
2434 145 145 0
2435 146 151 0
2436 146 160 0
2437 146 150 0
2438 146 155 0
2439 146 153 0
2440 146 150 0
2441 146 158 0
2442 146 156 0
2443 146 173 0
2444 146 146 0
2445 146 149 0
2446 146 148 0
2447 146 146 0
2448 146 153 0
2449 146 146 0
2450 146 150 0
2451 146 146 0
2452 146 151 0
2453 146 160 0
2454 146 150 0
2455 146 151 0
2456 146 150 0
2457 146 151 0
2458 146 146 0
2459 146 146 0
2460 146 146 0
2461 146 146 0
2462 146 146 0
2463 146 146 0
2464 147 163 0
2465 147 156 0
2466 147 159 0
2467 147 172 0
2468 147 151 0
2469 147 150 0
2470 147 163 0
2471 147 159 0
2472 147 153 0
2473 147 151 0
2474 147 151 0
2475 147 170 0
2476 147 147 0
2477 147 147 0
2478 147 147 0
2479 147 147 0
2480 147 147 0
2481 147 147 0
2482 147 147 0
2483 147 149 0
2484 147 165 0
2485 147 147 0
2486 147 163 0
2487 147 147 0
2488 147 147 0
2489 147 160 0
2490 147 147 0
2491 147 147 0
2492 147 153 0
2493 148 165 0
2494 148 163 0
2495 148 152 0
2496 148 162 0
2497 148 152 0
2498 148 157 0
2499 148 162 0
2500 148 156 0
2501 148 157 0
2502 148 154 0
2503 148 148 0
2504 148 150 0
2505 148 150 0
2506 148 148 0
2507 148 148 0
2508 148 148 0
2509 148 148 0
2510 148 150 0
2511 148 150 0
2512 148 150 0
2513 148 148 0
2514 148 148 0
2515 148 152 0
2516 148 148 0
2517 148 148 0
2518 148 155 0
2519 148 157 0
2520 148 148 0
2521 148 151 0
2522 148 159 0
2523 148 148 0
2524 148 149 0
2525 148 161 0
2526 149 151 0
2527 149 163 0
2528 149 153 0
2529 149 153 0
2530 149 156 0
2531 149 153 0
2532 149 153 0
2533 149 153 0
2534 149 153 0
2535 149 153 0
2536 149 149 0
2537 149 149 0
2538 149 149 0
2539 149 149 0
2540 149 155 0
2541 149 152 0
2542 149 152 0
2543 149 153 0
2544 149 153 0
2545 149 149 0
2546 149 150 0
2547 149 165 0
2548 149 163 0
2549 149 149 0
2550 149 149 0
2551 149 150 0
2552 149 149 0
2553 149 149 0
2554 149 149 0
2555 149 149 0
2556 149 155 0
2557 149 149 0
2558 150 154 0
2559 150 154 0
2560 150 155 0
2561 150 157 0
2562 150 169 0
2563 150 179 0
2564 150 154 0
2565 150 156 0
2566 150 171 0
2567 150 153 0
2568 150 154 0
2569 150 159 0
2570 150 158 0
2571 150 150 0
2572 150 167 0
2573 150 150 0
2574 150 154 0
2575 150 150 0
2576 150 150 0
2577 150 155 0
2578 150 150 0
2579 150 153 0
2580 150 150 0
2581 150 173 0
2582 150 150 0
2583 150 153 0
2584 150 150 0
2585 150 150 0
2586 150 150 0
2587 150 155 0
2588 150 150 0
2589 150 150 0
2590 150 154 0
2591 150 150 0
2592 150 150 0
2593 150 153 0
2594 150 150 0
2595 151 157 0
2596 151 155 0
2597 151 151 0
2598 151 152 0
2599 151 158 0
2600 151 160 0
2601 151 158 0
2602 151 164 0
2603 151 170 0
2604 151 155 0
2605 151 155 0
2606 151 165 0
2607 151 151 0
2608 151 151 0
2609 151 157 0
2610 151 151 0
2611 151 151 0
2612 151 151 0
2613 151 151 0
2614 151 151 0
2615 151 170 0
2616 151 151 0
2617 151 151 0
2618 151 151 0
2619 151 151 0
2620 151 151 0
2621 151 159 0
2622 151 151 0
2623 151 165 0
2624 151 151 0
2625 151 153 0
2626 151 156 0
2627 151 158 0
2628 151 151 0
2629 151 157 0
2630 152 153 0
2631 152 156 0
2632 152 156 0
2633 152 156 0
2634 152 164 0
2635 152 161 0
2636 152 156 0
2637 152 165 0
2638 152 166 0
2639 152 156 0
2640 152 153 0
2641 152 152 0
2642 152 155 0
2643 152 152 0
2644 152 156 0
2645 152 155 0
2646 152 152 0
2647 152 152 0
2648 152 157 0
2649 152 152 0
2650 152 159 0
2651 152 152 0
2652 152 152 0
2653 152 162 0
2654 152 157 0
2655 152 152 0
2656 152 155 0
2657 152 152 0
2658 152 152 0
2659 152 152 0
2660 152 152 0
2661 152 171 0
2662 152 152 0
2663 152 159 0
2664 152 152 0
2665 152 155 0
2666 152 152 0
2667 152 152 0
2668 153 158 0
2669 153 158 0
2670 153 157 0
2671 153 170 0
2672 153 157 0
2673 153 153 0
2674 153 161 0
2675 153 157 0
2676 153 156 0
2677 153 157 0
2678 153 174 0
2679 153 153 0
2680 153 154 0
2681 153 165 0
2682 153 156 0
2683 153 153 0
2684 153 153 0
2685 153 153 0
2686 153 153 0
2687 153 153 0
2688 153 153 0
2689 153 163 0
2690 153 156 0
2691 153 153 0
2692 153 157 0
2693 153 153 0
2694 153 165 0
2695 153 155 0
2696 153 153 0
2697 153 153 0
2698 153 156 0
2699 153 158 0
2700 153 153 0
2701 153 157 0
2702 153 153 0
2703 153 157 0
2704 153 153 0
2705 153 153 0
2706 153 153 0
2707 153 160 0
2708 153 156 0
2709 153 153 0
2710 153 155 0
2711 153 153 0
2712 153 155 0
2713 153 153 0
2714 154 170 0
2715 154 163 0
2716 154 163 0
2717 154 165 0
2718 154 158 0
2719 154 159 0
2720 154 160 0
2721 154 163 0
2722 154 158 0
2723 154 173 0
2724 154 164 0
2725 154 165 0
2726 154 170 0
2727 154 160 0
2728 154 165 0
2729 154 154 0
2730 154 154 0
2731 154 154 0
2732 154 158 0
2733 154 158 0
2734 154 156 0
2735 154 167 0
2736 154 154 0
2737 154 165 0
2738 154 155 0
2739 154 158 0
2740 154 170 0
2741 154 173 0
2742 154 159 0
2743 154 154 0
2744 154 154 0
2745 154 158 0
2746 154 154 0
2747 154 154 0
2748 154 159 0
2749 154 154 0
2750 154 158 0
2751 154 163 0
2752 154 154 0
2753 154 154 0
2754 154 155 0
2755 154 158 0
2756 154 158 0
2757 154 154 0
2758 154 164 0
2759 154 154 0
2760 154 156 0
2761 154 165 0
2762 154 154 0
2763 155 175 0
2764 155 163 0
2765 155 159 0
2766 155 155 0
2767 155 159 0
2768 155 162 0
2769 155 155 0
2770 155 159 0
2771 155 156 0
2772 155 158 0
2773 155 155 0
2774 155 155 0
2775 155 164 0
2776 155 157 0
2777 155 157 0
2778 155 155 0
2779 155 164 0
2780 155 155 0
2781 155 155 0
2782 155 155 0
2783 155 164 0
2784 155 155 0
2785 155 171 0
2786 155 155 0
2787 155 172 0
2788 155 159 0
2789 155 155 0
2790 155 159 0
2791 155 155 0
2792 155 156 0
2793 155 159 0
2794 155 155 0
2795 155 159 0
2796 155 155 0
2797 155 155 0
2798 155 155 0
2799 156 169 0
2800 156 176 0
2801 156 167 0
2802 156 171 0
2803 156 160 0
2804 156 171 0
2805 156 162 0
2806 156 177 0
2807 156 166 0
2808 156 156 0
2809 156 165 0
2810 156 160 0
2811 156 160 0
2812 156 162 0
2813 156 156 0
2814 156 156 0
2815 156 194 0
2816 156 156 0
2817 156 156 0
2818 156 160 0
2819 156 156 0
2820 156 163 0
2821 156 156 0
2822 156 156 0
2823 156 164 0
2824 156 176 0
2825 156 161 0
2826 156 158 0
2827 156 158 0
2828 156 160 0
2829 156 156 0
2830 156 194 0
2831 156 160 0
2832 156 159 0
2833 156 162 0
2834 156 156 0
2835 156 168 0
2836 156 159 0
2837 156 161 0
2838 156 156 0
2839 156 158 0
2840 156 158 0
2841 156 156 0
2842 156 160 0
2843 156 156 0
2844 156 158 0
2845 157 161 0
2846 157 169 0
2847 157 161 0
2848 157 163 0
2849 157 165 0
2850 157 158 0
2851 157 161 0
2852 157 163 0
2853 157 173 0
2854 157 157 0
2855 157 157 0
2856 157 157 0
2857 157 161 0
2858 157 159 0
2859 157 157 0
2860 157 163 0
2861 157 157 0
2862 157 162 0
2863 157 157 0
2864 157 191 0
2865 157 172 0
2866 157 158 0
2867 157 157 0
2868 157 157 0
2869 157 170 0
2870 157 165 0
2871 157 163 0
2872 157 159 0
2873 157 157 0
2874 157 158 0
2875 157 170 0
2876 157 157 0
2877 157 157 0
2878 157 157 0
2879 157 171 0
2880 157 165 0
2881 157 185 0
2882 157 193 0
2883 157 157 0
2884 158 170 0
2885 158 162 0
2886 158 162 0
2887 158 167 0
2888 158 177 0
2889 158 166 0
2890 158 162 0
2891 158 185 0
2892 158 177 0
2893 158 162 0
2894 158 172 0
2895 158 158 0
2896 158 158 0
2897 158 158 0
2898 158 158 0
2899 158 158 0
2900 158 161 0
2901 158 160 0
2902 158 158 0
2903 158 166 0
2904 158 161 0
2905 158 158 0
2906 158 194 0
2907 158 158 0
2908 158 158 0
2909 158 158 0
2910 158 161 0
2911 158 158 0
2912 158 158 0
2913 158 158 0
2914 158 163 0
2915 158 158 0
2916 158 166 0
2917 158 162 0
2918 158 167 0
2919 158 168 0
2920 158 161 0
2921 159 160 0
2922 159 170 0
2923 159 174 0
2924 159 164 0
2925 159 163 0
2926 159 171 0
2927 159 167 0
2928 159 162 0
2929 159 166 0
2930 159 176 0
2931 159 163 0
2932 159 163 0
2933 159 165 2826
2934 159 164 2826
2935 159 161 0
2936 159 164 0
2937 159 161 0
2938 159 173 0
2939 159 159 0
2940 159 166 0
2941 159 165 0
2942 159 159 0
2943 159 159 0
2944 159 162 0
2945 159 163 0
2946 159 175 0
2947 159 159 0
2948 159 159 0
2949 159 159 0
2950 159 159 0
2951 159 168 0
2952 159 165 0
2953 159 167 0
2954 159 159 0
2955 159 162 0
2956 159 163 0
2957 159 159 0
2958 159 163 0
2959 159 159 0
2960 160 163 0
2961 160 164 0
2962 160 163 0
2963 160 192 0
2964 160 165 0
2965 160 162 0
2966 160 165 0
2967 160 160 0
2968 160 167 0
2969 160 161 0
2970 160 163 0
2971 160 162 0
2972 160 162 0
2973 160 160 0
2974 160 163 0
2975 160 163 0
2976 160 160 0
2977 160 160 0
2978 160 162 0
2979 160 163 0
2980 160 169 0
2981 160 160 0
2982 160 160 0
2983 160 165 0
2984 160 160 0
2985 160 160 0
2986 161 166 0
2987 161 170 0
2988 161 165 0
2989 161 164 0
2990 161 165 0
2991 161 164 0
2992 161 165 0
2993 161 177 0
2994 161 164 0
2995 161 165 0
2996 161 167 0
2997 161 161 0
2998 161 161 0
2999 161 161 0
3000 161 163 0
3001 161 162 0
3002 161 164 0
3003 161 161 0
3004 161 161 0
3005 161 161 0
3006 161 164 0
3007 161 161 0
3008 161 161 0
3009 161 161 0
3010 161 163 0
3011 161 161 0
3012 161 162 0
3013 161 163 0
3014 161 161 0
3015 161 161 0
3016 161 168 0
3017 161 161 0
3018 161 161 0
3019 161 161 0
3020 161 161 0
3021 161 162 0
3022 161 161 0
3023 161 161 0
3024 161 169 0
3025 161 161 0
3026 161 170 0
3027 161 161 0
3028 162 162 0
3029 162 162 0
3030 162 162 0
3031 162 166 0
3032 162 163 0
3033 162 166 0
3034 162 179 0
3035 162 166 0
3036 162 171 0
3037 162 165 0
3038 162 166 0
3039 162 162 0
3040 162 164 0
3041 162 162 0
3042 162 162 0
3043 162 190 0
3044 162 166 0
3045 162 162 0
3046 162 167 0
3047 162 162 0
3048 162 167 0
3049 162 166 0
3050 162 171 0
3051 162 162 0
3052 162 162 0
3053 162 162 0
3054 162 169 0
3055 162 162 0
3056 162 168 0
3057 162 162 0
3058 162 162 0
3059 162 167 0
3060 162 162 0
3061 162 162 0
3062 162 162 0
3063 162 164 0
3064 162 162 0
3065 162 162 0
3066 162 162 0
3067 162 166 0
3068 162 169 0
3069 162 162 0
3070 162 162 0
3071 162 166 0
3072 162 163 0
3073 162 162 0
3074 162 166 0
3075 162 162 0
3076 163 164 0
3077 163 184 0
3078 163 169 0
3079 163 168 0
3080 163 171 0
3081 163 167 0
3082 163 164 0
3083 163 163 0
3084 163 163 0
3085 163 167 0
3086 163 167 0
3087 163 183 0
3088 163 163 0
3089 163 163 0
3090 163 172 0
3091 163 163 0
3092 163 169 0
3093 163 167 0
3094 163 194 0
3095 163 163 0
3096 163 177 0
3097 163 173 0
3098 163 167 0
3099 163 163 0
3100 163 163 0
3101 163 171 0
3102 163 166 0
3103 163 163 0
3104 163 170 0
3105 163 163 0
3106 163 168 0
3107 163 163 0
3108 163 164 0
3109 163 164 0
3110 163 169 0
3111 163 170 0
3112 163 163 0
3113 163 168 0
3114 163 167 0
3115 163 163 0
3116 163 164 0
3117 163 166 0
3118 163 163 0
3119 163 163 0
3120 163 163 0
3121 163 164 0
3122 163 164 0
3123 163 194 0
3124 163 163 0
3125 163 166 0
3126 163 163 0
3127 163 163 0
3128 163 163 0
3129 163 166 0
3130 163 163 0
3131 163 175 0
3132 163 164 0
3133 163 163 0
3134 163 167 0
3135 163 164 0
3136 163 166 0
3137 163 163 0
3138 163 166 0
3139 163 168 0
3140 164 172 0
3141 164 165 0
3142 164 168 0
3143 164 187 0
3144 164 178 0
3145 164 164 0
3146 164 168 0
3147 164 168 0
3148 164 167 0
3149 164 174 0
3150 164 168 0
3151 164 167 0
3152 164 168 0
3153 164 168 0
3154 164 168 0
3155 164 168 0
3156 164 175 0
3157 164 168 0
3158 164 165 0
3159 164 194 0
3160 164 166 0
3161 164 164 0
3162 164 170 0
3163 164 169 0
3164 164 164 0
3165 164 164 0
3166 164 171 0
3167 164 168 0
3168 164 171 0
3169 164 168 0
3170 164 164 0
3171 164 168 0
3172 164 168 0
3173 164 168 0
3174 164 184 0
3175 164 167 0
3176 164 167 0
3177 164 166 0
3178 164 166 0
3179 164 164 0
3180 164 164 0
3181 164 170 0
3182 164 166 0
3183 164 184 0
3184 164 171 0
3185 164 164 0
3186 164 170 0
3187 164 184 0
3188 164 194 0
3189 164 175 0
3190 164 169 0
3191 164 167 0
3192 164 164 0
3193 164 194 0
3194 164 188 0
3195 164 173 0
3196 164 164 0
3197 164 164 0
3198 164 164 0
3199 164 168 0
3200 164 164 0
3201 164 168 0
3202 164 166 0
3203 164 168 0
3204 164 164 0
3205 164 164 0
3206 164 167 0
3207 164 173 0
3208 164 164 0
3209 164 164 0
3210 164 164 0
3211 164 189 0
3212 164 164 0
3213 164 164 0
3214 164 167 0
3215 165 168 0
3216 165 173 0
3217 165 169 0
3218 165 169 0
3219 165 169 0
3220 165 165 0
3221 165 169 0
3222 165 172 0
3223 165 168 3209
3224 165 173 3209
3225 165 165 0
3226 165 165 0
3227 165 165 0
3228 165 165 0
3229 165 165 0
3230 165 176 0
3231 165 167 0
3232 165 165 0
3233 165 167 0
3234 165 174 0
3235 165 165 0
3236 165 169 0
3237 165 165 0
3238 165 165 0
3239 165 166 0
3240 165 168 0
3241 165 165 0
3242 165 168 0
3243 165 167 0
3244 165 165 0
3245 165 165 0
3246 165 171 0
3247 165 165 0
3248 165 165 0
3249 165 165 0
3250 165 165 0
3251 165 168 0
3252 165 165 0
3253 165 165 0
3254 165 165 0
3255 165 165 0
3256 165 175 0
3257 165 165 0
3258 165 170 0
3259 165 165 0
3260 165 165 0
3261 165 168 0
3262 165 174 0
3263 165 168 0
3264 165 168 0
3265 165 165 0
3266 165 169 0
3267 165 165 0
3268 165 172 0
3269 165 179 0
3270 165 165 0
3271 165 167 0
3272 165 168 0
3273 165 165 0
3274 165 168 0
3275 165 182 0
3276 165 165 0
3277 165 165 0
3278 165 165 0
3279 165 171 0
3280 165 171 0
3281 165 166 0
3282 165 165 0
3283 165 165 0
3284 165 168 0
3285 165 166 0
3286 165 173 0
3287 165 181 0
3288 165 165 0
3289 165 171 0
3290 165 169 0
3291 165 171 0
3292 165 165 0
3293 165 165 0
3294 165 167 0
3295 165 165 0
3296 165 168 0
3297 165 165 0
3298 165 166 0
3299 166 182 0
3300 166 179 0
3301 166 170 0
3302 166 175 0
3303 166 167 0
3304 166 169 0
3305 166 169 0
3306 166 191 0
3307 166 167 0
3308 166 166 0
3309 166 194 0
3310 166 166 0
3311 166 170 0
3312 166 174 0
3313 166 166 0
3314 166 166 0
3315 166 174 0
3316 166 166 0
3317 166 167 0
3318 166 193 0
3319 166 166 0
3320 166 172 0
3321 166 166 0
3322 166 169 0
3323 166 166 0
3324 166 173 0
3325 166 166 0
3326 166 188 0
3327 166 166 0
3328 166 170 0
3329 166 180 0
3330 166 190 0
3331 166 166 0
3332 166 166 0
3333 166 178 0
3334 166 166 0
3335 166 166 0
3336 166 181 0
3337 166 176 0
3338 166 173 0
3339 166 172 0
3340 166 166 0
3341 166 168 0
3342 166 170 0
3343 166 170 0
3344 166 172 0
3345 166 166 0
3346 166 166 0
3347 166 194 0
3348 166 166 0
3349 166 166 0
3350 166 166 0
3351 166 166 0
3352 166 175 0
3353 166 166 0
3354 166 175 0
3355 166 170 0
3356 166 166 0
3357 166 177 0
3358 166 181 0
3359 166 166 0
3360 166 166 0
3361 166 182 0
3362 166 175 0
3363 166 166 0
3364 166 181 0
3365 166 169 0
3366 166 175 0
3367 166 178 0
3368 166 175 0
3369 166 169 0
3370 166 166 0
3371 167 174 0
3372 167 174 0
3373 167 169 0
3374 167 167 0
3375 167 170 0
3376 167 171 0
3377 167 184 0
3378 167 182 3044
3379 167 167 3044
3380 167 169 3102
3381 167 169 3102
3382 167 167 0
3383 167 170 0
3384 167 167 0
3385 167 167 0
3386 167 167 0
3387 167 172 0
3388 167 171 0
3389 167 167 0
3390 167 167 0
3391 167 167 0
3392 167 167 0
3393 167 167 0
3394 167 173 0
3395 167 193 0
3396 167 184 0
3397 167 178 0
3398 167 167 0
3399 167 169 0
3400 167 178 0
3401 167 169 0
3402 167 167 0
3403 167 167 0
3404 167 167 0
3405 167 169 0
3406 167 167 0
3407 167 171 0
3408 167 167 0
3409 167 173 0
3410 167 167 0
3411 167 181 0
3412 167 174 0
3413 167 168 0
3414 167 167 0
3415 167 170 0
3416 167 170 0
3417 167 167 0
3418 167 172 0
3419 167 168 0
3420 167 169 0
3421 167 170 0
3422 167 167 0
3423 167 167 0
3424 167 187 0
3425 167 169 0
3426 167 194 0
3427 167 170 0
3428 167 169 0
3429 167 167 0
3430 167 167 0
3431 167 171 0
3432 167 176 0
3433 167 194 0
3434 167 167 0
3435 167 189 0
3436 167 185 0
3437 167 167 0
3438 167 173 0
3439 167 168 0
3440 167 167 0
3441 167 167 0
3442 167 171 0
3443 167 167 0
3444 167 176 0
3445 167 167 0
3446 167 167 0
3447 167 167 0
3448 167 167 0
3449 167 167 0
3450 168 170 0
3451 168 194 0
3452 168 171 0
3453 168 178 0
3454 168 175 0
3455 168 169 0
3456 168 170 0
3457 168 173 0
3458 168 168 0
3459 168 168 0
3460 168 168 0
3461 168 182 0
3462 168 175 0
3463 168 168 0
3464 168 168 0
3465 168 173 0
3466 168 172 0
3467 168 168 0
3468 168 168 0
3469 168 168 0
3470 168 168 0
3471 168 185 0
3472 168 189 0
3473 168 173 0
3474 168 168 0
3475 168 169 0
3476 168 168 0
3477 168 168 0
3478 168 176 0
3479 168 168 0
3480 168 169 0
3481 168 168 0
3482 168 184 0
3483 168 169 0
3484 168 168 0
3485 168 172 0
3486 168 194 0
3487 168 171 0
3488 168 170 0
3489 168 176 0
3490 168 170 0
3491 168 172 0
3492 168 169 0
3493 168 176 0
3494 168 178 0
3495 168 171 0
3496 168 168 0
3497 168 168 0
3498 168 168 0
3499 168 168 0
3500 168 175 0
3501 168 168 0
3502 168 194 0
3503 168 176 0
3504 168 191 0
3505 168 168 0
3506 168 168 0
3507 168 168 0
3508 168 168 0
3509 168 176 0
3510 168 173 0
3511 168 175 0
3512 168 169 0
3513 168 168 0
3514 168 168 0
3515 168 168 0
3516 168 171 0
3517 168 177 0
3518 168 186 0
3519 168 172 0
3520 168 168 0
3521 168 168 0
3522 168 168 0
3523 169 176 0
3524 169 172 0
3525 169 169 0
3526 169 173 0
3527 169 176 0
3528 169 178 0
3529 169 177 0
3530 169 170 0
3531 169 175 0
3532 169 175 0
3533 169 173 0
3534 169 170 0
3535 169 179 0
3536 169 179 0
3537 169 169 0
3538 169 180 0
3539 169 169 0
3540 169 176 0
3541 169 169 0
3542 169 169 0
3543 169 169 0
3544 169 169 0
3545 169 169 0
3546 169 169 0
3547 169 169 0
3548 169 176 0
3549 169 169 0
3550 169 188 0
3551 169 175 0
3552 169 174 0
3553 169 180 0
3554 169 183 0
3555 169 176 0
3556 169 169 0
3557 169 171 0
3558 169 176 0
3559 169 192 0
3560 169 192 0
3561 169 194 0
3562 169 169 0
3563 169 175 0
3564 169 173 0
3565 169 170 0
3566 169 169 0
3567 169 169 0
3568 169 172 0
3569 169 169 0
3570 169 170 0
3571 169 169 0
3572 169 173 0
3573 169 179 0
3574 169 181 0
3575 169 178 0
3576 169 176 0
3577 169 176 0
3578 169 169 0
3579 169 172 0
3580 169 169 0
3581 169 169 0
3582 169 184 0
3583 169 176 0
3584 169 170 0
3585 169 173 0
3586 169 179 0
3587 169 169 0
3588 169 171 0
3589 169 176 0
3590 169 169 0
3591 169 173 0
3592 169 169 0
3593 169 169 0
3594 169 172 0
3595 169 169 0
3596 169 169 0
3597 169 173 0
3598 169 172 0
3599 169 169 0
3600 169 172 0
3601 169 169 0
3602 169 169 0
3603 169 176 0
3604 169 173 0
3605 169 176 0
3606 169 170 0
3607 170 180 0
3608 170 177 0
3609 170 179 0
3610 170 177 0
3611 170 192 0
3612 170 170 0
3613 170 170 0
3614 170 182 0
3615 170 170 0
3616 170 170 0
3617 170 171 0
3618 170 170 0
3619 170 170 0
3620 170 170 0
3621 170 170 0
3622 170 170 0
3623 170 170 0
3624 170 170 0
3625 170 174 0
3626 170 170 0
3627 170 173 0
3628 170 170 0
3629 170 170 0
3630 170 170 0
3631 170 170 0
3632 170 170 0
3633 170 174 0
3634 170 174 0
3635 170 177 0
3636 170 170 0
3637 170 174 0
3638 170 171 0
3639 170 171 0
3640 170 170 0
3641 170 170 0
3642 170 170 0
3643 170 174 0
3644 170 190 0
3645 170 170 0
3646 170 170 0
3647 170 174 0
3648 170 170 0
3649 170 173 0
3650 170 170 0
3651 170 170 0
3652 170 170 0
3653 170 194 0
3654 170 186 0
3655 170 173 0
3656 170 170 0
3657 170 176 0
3658 170 189 0
3659 170 171 0
3660 170 170 0
3661 170 171 0
3662 170 170 0
3663 170 174 0
3664 170 173 0
3665 170 172 0
3666 170 170 0
3667 170 170 0
3668 170 193 0
3669 170 170 0
3670 170 170 0
3671 170 181 0
3672 170 171 0
3673 170 175 0
3674 170 170 0
3675 170 171 0
3676 170 170 0
3677 170 170 0
3678 170 170 0
3679 170 170 0
3680 170 170 0
3681 170 170 0
3682 170 170 0
3683 171 171 0
3684 171 173 0
3685 171 175 0
3686 171 175 0
3687 171 174 0
3688 171 190 0
3689 171 171 0
3690 171 194 0
3691 171 177 0
3692 171 173 0
3693 171 194 0
3694 171 194 0
3695 171 175 0
3696 171 175 0
3697 171 189 0
3698 171 175 0
3699 171 171 0
3700 171 175 0
3701 171 171 0
3702 171 175 0
3703 171 171 0
3704 171 171 0
3705 171 171 0
3706 171 171 0
3707 171 175 0
3708 171 180 0
3709 171 175 0
3710 171 184 0
3711 171 171 0
3712 171 171 0
3713 171 171 0
3714 171 178 0
3715 171 186 0
3716 171 175 0
3717 171 175 0
3718 171 177 0
3719 171 175 0
3720 171 171 0
3721 171 171 0
3722 171 171 0
3723 171 173 0
3724 171 174 0
3725 171 172 0
3726 171 171 0
3727 171 184 0
3728 171 193 0
3729 171 173 0
3730 171 178 0
3731 171 171 0
3732 171 171 0
3733 171 179 0
3734 171 175 0
3735 171 171 0
3736 171 172 0
3737 171 171 0
3738 171 171 0
3739 171 174 0
3740 171 192 0
3741 171 171 0
3742 171 171 0
3743 171 171 0
3744 171 173 0
3745 171 171 0
3746 171 180 0
3747 171 174 0
3748 171 184 0
3749 171 171 0
3750 171 175 0
3751 171 171 0
3752 171 171 0
3753 171 172 0
3754 171 171 0
3755 171 192 0
3756 171 171 0
3757 172 173 0
3758 172 173 0
3759 172 176 0
3760 172 186 0
3761 172 183 0
3762 172 194 0
3763 172 176 0
3764 172 181 0
3765 172 181 0
3766 172 188 0
3767 172 173 0
3768 172 172 0
3769 172 172 0
3770 172 176 0
3771 172 172 0
3772 172 183 0
3773 172 172 0
3774 172 172 0
3775 172 179 0
3776 172 179 0
3777 172 193 0
3778 172 172 0
3779 172 179 0
3780 172 182 0
3781 172 174 0
3782 172 176 0
3783 172 174 0
3784 172 178 0
3785 172 172 0
3786 172 175 0
3787 172 179 0
3788 172 177 0
3789 172 172 0
3790 172 172 0
3791 172 182 0
3792 172 177 0
3793 172 179 0
3794 172 176 0
3795 172 175 0
3796 172 181 0
3797 172 176 0
3798 172 172 0
3799 172 172 0
3800 172 172 0
3801 172 172 0
3802 172 172 0
3803 172 183 0
3804 172 191 0
3805 172 177 0
3806 172 172 0
3807 172 180 0
3808 172 172 0
3809 172 173 0
3810 172 172 0
3811 172 178 0
3812 172 172 0
3813 172 175 0
3814 172 172 0
3815 172 172 0
3816 172 178 0
3817 172 176 0
3818 172 176 0
3819 172 181 0
3820 172 172 0
3821 172 181 0
3822 172 172 0
3823 173 194 0
3824 173 173 0
3825 173 174 0
3826 173 177 0
3827 173 177 0
3828 173 177 0
3829 173 187 0
3830 173 177 0
3831 173 180 0
3832 173 177 0
3833 173 184 0
3834 173 178 0
3835 173 176 0
3836 173 188 0
3837 173 183 0
3838 173 177 0
3839 173 173 0
3840 173 175 0
3841 173 176 0
3842 173 182 0
3843 173 175 0
3844 173 174 0
3845 173 176 0
3846 173 190 0
3847 173 183 0
3848 173 188 0
3849 173 173 0
3850 173 176 0
3851 173 182 0
3852 173 174 0
3853 173 193 0
3854 173 177 0
3855 173 194 0
3856 173 179 0
3857 173 180 0
3858 173 173 0
3859 173 176 0
3860 173 174 0
3861 173 173 0
3862 173 173 0
3863 173 173 0
3864 173 178 0
3865 173 178 0
3866 173 173 0
3867 173 176 0
3868 173 173 0
3869 173 177 0
3870 173 175 0
3871 173 173 0
3872 173 193 0
3873 173 173 0
3874 173 173 0
3875 173 194 0
3876 173 193 0
3877 173 175 0
3878 173 177 0
3879 173 177 0
3880 173 173 0
3881 173 175 0
3882 174 183 0
3883 174 175 0
3884 174 175 0
3885 174 188 0
3886 174 180 0
3887 174 183 0
3888 174 183 0
3889 174 188 0
3890 174 178 0
3891 174 185 0
3892 174 186 0
3893 174 193 0
3894 174 180 0
3895 174 178 0
3896 174 174 0
3897 174 182 0
3898 174 178 0
3899 174 174 0
3900 174 179 0
3901 174 185 0
3902 174 174 0
3903 174 174 0
3904 174 189 0
3905 174 182 0
3906 174 193 0
3907 174 181 0
3908 174 194 0
3909 174 174 0
3910 174 174 0
3911 174 174 0
3912 174 192 0
3913 174 174 0
3914 174 174 0
3915 174 174 0
3916 174 189 0
3917 174 174 0
3918 174 174 0
3919 174 174 0
3920 174 184 0
3921 174 194 0
3922 174 174 0
3923 174 183 0
3924 174 190 0
3925 174 186 0
3926 174 174 0
3927 174 177 0
3928 174 181 0
3929 174 174 0
3930 174 178 0
3931 174 175 0
3932 174 177 0
3933 174 178 0
3934 174 187 0
3935 174 185 0
3936 174 183 0
3937 174 177 0
3938 174 177 0
3939 174 178 0
3940 174 182 0
3941 174 174 0
3942 174 187 0
3943 174 174 0
3944 174 174 0
3945 174 174 0
3946 174 174 0
3947 174 174 0
3948 175 191 0
3949 175 179 0
3950 175 178 0
3951 175 182 0
3952 175 186 0
3953 175 175 0
3954 175 179 0
3955 175 186 0
3956 175 175 0
3957 175 179 0
3958 175 179 0
3959 175 188 0
3960 175 189 0
3961 175 191 0
3962 175 179 0
3963 175 188 0
3964 175 189 0
3965 175 175 0
3966 175 182 0
3967 175 186 0
3968 175 176 0
3969 175 193 0
3970 175 175 0
3971 175 175 0
3972 175 175 0
3973 175 180 0
3974 175 179 0
3975 175 175 0
3976 175 175 0
3977 175 175 0
3978 175 192 0
3979 175 193 0
3980 175 175 0
3981 175 175 0
3982 175 175 0
3983 175 191 0
3984 175 194 0
3985 175 194 0
3986 175 180 0
3987 175 175 0
3988 175 194 0
3989 175 194 0
3990 175 191 0
3991 175 181 0
3992 175 175 0
3993 175 175 0
3994 175 175 0
3995 175 175 0
3996 175 175 0
3997 175 175 0
3998 175 175 0
3999 175 186 0
4000 175 175 0
4001 175 175 0
4002 175 180 0
4003 175 183 0
4004 175 175 0
4005 175 175 0
4006 175 178 0
4007 175 181 0
4008 175 192 0
4009 175 179 0
4010 175 194 0
4011 175 187 0
4012 176 178 0
4013 176 182 0
4014 176 191 0
4015 176 177 0
4016 176 188 0
4017 176 176 0
4018 176 187 0
4019 176 178 0
4020 176 186 0
4021 176 190 0
4022 176 181 0
4023 176 180 0
4024 176 180 0
4025 176 192 0
4026 176 180 0
4027 176 182 0
4028 176 178 0
4029 176 182 0
4030 176 179 0
4031 176 176 0
4032 176 184 0
4033 176 179 0
4034 176 176 0
4035 176 178 0
4036 176 183 0
4037 176 180 0
4038 176 190 0
4039 176 180 0
4040 176 176 0
4041 176 185 0
4042 176 193 0
4043 176 194 0
4044 176 176 0
4045 176 181 0
4046 176 176 0
4047 176 190 0
4048 176 176 0
4049 176 176 0
4050 176 182 0
4051 176 181 0
4052 176 176 0
4053 176 176 0
4054 176 177 0
4055 176 194 0
4056 176 176 0
4057 176 190 0
4058 176 179 0
4059 176 182 0
4060 176 183 0
4061 176 176 0
4062 176 192 0
4063 176 180 0
4064 176 186 0
4065 176 176 0
4066 176 193 0
4067 176 176 0
4068 176 176 0
4069 176 194 0
4070 176 176 0
4071 176 176 0
4072 176 176 0
4073 176 194 0
4074 176 176 0
4075 176 176 0
4076 176 176 0
4077 176 176 0
4078 176 176 0
4079 176 179 0
4080 176 176 0
4081 176 186 0
4082 176 192 0
4083 176 180 0
4084 176 179 0
4085 176 176 0
4086 176 176 0
4087 176 176 0
4088 176 177 0
4089 176 176 0
4090 176 192 0
4091 176 176 0
4092 176 181 0
4093 177 181 0
4094 177 181 0
4095 177 181 0
4096 177 182 0
4097 177 179 0
4098 177 179 0
4099 177 178 0
4100 177 194 0
4101 177 186 0
4102 177 184 0
4103 177 182 0
4104 177 191 0
4105 177 190 0
4106 177 194 0
4107 177 181 0
4108 177 184 0
4109 177 177 0
4110 177 177 0
4111 177 181 0
4112 177 193 0
4113 177 181 0
4114 177 177 0
4115 177 177 0
4116 177 177 0
4117 177 194 0
4118 177 177 0
4119 177 181 0
4120 177 177 0
4121 177 181 0
4122 177 192 0
4123 177 183 0
4124 177 178 0
4125 177 180 0
4126 177 192 0
4127 177 180 0
4128 177 185 0
4129 177 177 0
4130 177 178 0
4131 177 177 0
4132 177 177 0
4133 177 182 0
4134 177 177 0
4135 177 181 0
4136 177 177 0
4137 177 183 0
4138 177 177 0
4139 177 191 0
4140 177 180 0
4141 177 193 0
4142 177 179 0
4143 177 193 0
4144 177 177 0
4145 177 194 0
4146 177 177 0
4147 177 180 0
4148 177 182 0
4149 177 187 0
4150 177 193 0
4151 177 177 0
4152 177 177 0
4153 177 177 0
4154 177 181 0
4155 177 177 0
4156 177 177 0
4157 177 177 0
4158 177 190 0
4159 177 187 0
4160 177 181 0
4161 177 194 0
4162 177 177 0
4163 177 186 0
4164 177 191 0
4165 177 177 0
4166 177 177 0
4167 177 191 0
4168 177 194 0
4169 178 190 0
4170 178 184 0
4171 178 182 0
4172 178 182 0
4173 178 194 0
4174 178 194 0
4175 178 194 0
4176 178 183 0
4177 178 178 0
4178 178 179 0
4179 178 178 0
4180 178 178 0
4181 178 178 0
4182 178 178 0
4183 178 178 0
4184 178 183 0
4185 178 182 0
4186 178 178 0
4187 178 187 0
4188 178 193 0
4189 178 180 0
4190 178 181 0
4191 178 181 0
4192 178 178 0
4193 178 194 0
4194 178 194 0
4195 178 192 0
4196 178 192 0
4197 178 178 0
4198 178 178 0
4199 178 183 0
4200 178 190 0
4201 178 178 0
4202 178 186 0
4203 178 178 0
4204 178 178 0
4205 178 181 0
4206 178 185 0
4207 178 179 0
4208 178 187 0
4209 178 182 0
4210 178 183 0
4211 178 181 0
4212 178 178 0
4213 178 189 0
4214 178 178 0
4215 178 183 0
4216 178 181 0
4217 178 192 0
4218 178 181 0
4219 178 180 0
4220 178 182 0
4221 178 182 0
4222 178 180 0
4223 179 185 0
4224 179 194 0
4225 179 184 0
4226 179 188 0
4227 179 193 0
4228 179 184 0
4229 179 193 0
4230 179 179 0
4231 179 194 0
4232 179 181 0
4233 179 179 0
4234 179 179 0
4235 179 181 0
4236 179 179 0
4237 179 179 0
4238 179 190 0
4239 179 179 0
4240 179 179 0
4241 179 179 0
4242 179 182 0
4243 179 193 0
4244 179 190 0
4245 179 194 0
4246 179 179 0
4247 179 179 0
4248 179 179 0
4249 179 192 0
4250 179 188 0
4251 179 180 0
4252 179 179 0
4253 179 187 0
4254 179 184 0
4255 179 179 0
4256 179 179 0
4257 179 185 0
4258 179 182 0
4259 179 184 0
4260 179 179 0
4261 179 182 0
4262 179 193 0
4263 179 188 0
4264 179 189 0
4265 179 179 0
4266 179 186 0
4267 179 189 0
4268 179 179 0
4269 179 179 0
4270 179 179 0
4271 179 179 0
4272 179 179 0
4273 180 184 0
4274 180 189 0
4275 180 182 0
4276 180 192 0
4277 180 194 0
4278 180 194 0
4279 180 184 0
4280 180 194 0
4281 180 184 0
4282 180 180 0
4283 180 188 0
4284 180 181 0
4285 180 183 0
4286 180 194 0
4287 180 187 3900
4288 180 190 3900
4289 180 180 0
4290 180 187 0
4291 180 184 0
4292 180 184 0
4293 180 184 0
4294 180 180 0
4295 180 189 0
4296 180 180 0
4297 180 194 0
4298 180 184 0
4299 180 181 0
4300 180 180 0
4301 180 185 0
4302 180 180 0
4303 180 182 0
4304 180 190 0
4305 180 184 0
4306 180 193 0
4307 180 180 0
4308 180 186 0
4309 180 180 0
4310 180 180 0
4311 180 186 0
4312 180 184 0
4313 180 180 0
4314 180 190 0
4315 180 180 0
4316 180 182 0
4317 180 193 0
4318 180 182 0
4319 180 180 0
4320 180 185 0
4321 180 193 0
4322 180 194 0
4323 180 192 0
4324 180 180 0
4325 180 189 0
4326 180 180 0
4327 180 180 0
4328 180 180 0
4329 180 191 0
4330 180 180 0
4331 180 187 0
4332 180 180 0
4333 180 180 0
4334 180 188 0
4335 180 190 0
4336 180 180 0
4337 180 180 0
4338 180 183 0
4339 180 180 0
4340 180 194 0
4341 180 186 0
4342 180 185 0
4343 180 180 0
4344 180 193 0
4345 180 194 0
4346 181 191 0
4347 181 182 0
4348 181 185 0
4349 181 187 0
4350 181 194 0
4351 181 190 0
4352 181 190 0
4353 181 181 0
4354 181 181 0
4355 181 181 0
4356 181 181 0
4357 181 191 0
4358 181 194 0
4359 181 193 0
4360 181 192 0
4361 181 181 0
4362 181 183 0
4363 181 184 0
4364 181 194 0
4365 181 181 0
4366 181 191 0
4367 181 181 0
4368 181 184 0
4369 181 181 0
4370 181 181 0
4371 181 194 0
4372 181 193 0
4373 181 182 0
4374 181 181 0
4375 181 193 0
4376 181 185 0
4377 181 185 0
4378 181 184 0
4379 181 181 0
4380 181 181 0
4381 181 181 0
4382 181 181 0
4383 181 181 0
4384 181 185 0
4385 181 189 0
4386 181 181 0
4387 181 181 0
4388 181 181 0
4389 181 181 0
4390 181 181 0
4391 181 185 0
4392 181 181 0
4393 181 184 0
4394 181 181 0
4395 181 183 0
4396 181 182 0
4397 181 181 0
4398 181 181 0
4399 181 194 0
4400 181 181 0
4401 181 184 0
4402 181 194 0
4403 182 186 0
4404 182 189 0
4405 182 194 0
4406 182 194 0
4407 182 194 0
4408 182 190 0
4409 182 194 0
4410 182 182 0
4411 182 194 0
4412 182 189 0
4413 182 186 0
4414 182 192 0
4415 182 190 0
4416 182 194 0
4417 182 194 0
4418 182 182 0
4419 182 185 0
4420 182 186 0
4421 182 182 0
4422 182 186 0
4423 182 186 0
4424 182 194 0
4425 182 188 0
4426 182 185 4007
4427 182 182 4007
4428 182 182 0
4429 182 182 0
4430 182 182 0
4431 182 182 0
4432 182 185 0
4433 182 182 0
4434 182 185 0
4435 182 182 0
4436 182 185 0
4437 182 194 0
4438 182 182 0
4439 182 184 0
4440 182 186 0
4441 182 182 0
4442 182 194 0
4443 182 187 0
4444 182 182 0
4445 182 182 0
4446 182 194 0
4447 182 182 0
4448 182 182 0
4449 182 182 0
4450 182 184 0
4451 182 182 0
4452 182 187 0
4453 182 194 0
4454 182 182 0
4455 182 182 0
4456 182 182 0
4457 182 182 0
4458 182 190 0
4459 182 182 0
4460 182 182 0
4461 182 188 0
4462 182 194 0
4463 182 182 0
4464 182 194 0
4465 182 190 0
4466 182 194 0
4467 182 187 0
4468 182 182 0
4469 182 185 0
4470 182 188 0
4471 182 194 0
4472 182 182 0
4473 182 182 0
4474 182 194 0
4475 182 182 0
4476 182 184 0
4477 182 185 0
4478 182 190 0
4479 182 182 0
4480 182 191 0
4481 182 184 0
4482 182 187 0
4483 182 194 0
4484 182 182 0
4485 182 186 0
4486 182 189 0
4487 183 183 0
4488 183 186 0
4489 183 194 0
4490 183 187 0
4491 183 194 0
4492 183 187 0
4493 183 194 0
4494 183 194 0
4495 183 187 0
4496 183 192 0
4497 183 183 0
4498 183 183 0
4499 183 183 0
4500 183 194 0
4501 183 194 0
4502 183 183 0
4503 183 183 0
4504 183 193 0
4505 183 194 0
4506 183 194 0
4507 183 183 0
4508 183 188 0
4509 183 186 0
4510 183 190 0
4511 183 183 0
4512 183 183 0
4513 183 194 0
4514 183 191 0
4515 183 183 0
4516 183 189 0
4517 183 188 0
4518 183 189 0
4519 183 183 0
4520 183 194 0
4521 183 193 0
4522 183 183 0
4523 183 192 0
4524 183 183 0
4525 183 188 0
4526 183 187 0
4527 183 183 0
4528 183 194 0
4529 183 189 0
4530 183 187 0
4531 183 183 0
4532 183 183 0
4533 183 186 0
4534 183 183 0
4535 183 183 0
4536 183 194 0
4537 183 183 0
4538 183 183 0
4539 183 188 0
4540 183 184 0
4541 184 194 0
4542 184 188 0
4543 184 194 0
4544 184 188 0
4545 184 188 0
4546 184 189 0
4547 184 190 0
4548 184 193 0
4549 184 188 0
4550 184 194 0
4551 184 194 0
4552 184 184 0
4553 184 184 0
4554 184 184 0
4555 184 184 0
4556 184 194 0
4557 184 184 0
4558 184 187 0
4559 184 184 0
4560 184 184 0
4561 184 186 0
4562 184 188 0
4563 184 184 0
4564 184 184 0
4565 184 184 0
4566 184 184 0
4567 184 184 0
4568 184 185 0
4569 184 190 0
4570 184 188 0
4571 184 194 0
4572 184 194 0
4573 184 190 0
4574 184 193 0
4575 184 184 0
4576 184 184 0
4577 184 193 0
4578 184 184 0
4579 184 184 0
4580 184 184 0
4581 184 194 0
4582 184 187 0
4583 184 184 0
4584 184 184 0
4585 184 184 0
4586 184 191 0
4587 185 190 0
4588 185 189 0
4589 185 194 0
4590 185 190 0
4591 185 193 0
4592 185 194 0
4593 185 189 0
4594 185 194 0
4595 185 193 0
4596 185 191 0
4597 185 189 0
4598 185 194 0
4599 185 185 0
4600 185 185 0
4601 185 189 0
4602 185 190 0
4603 185 185 0
4604 185 185 0
4605 185 188 0
4606 185 185 0
4607 185 186 0
4608 185 190 0
4609 185 187 0
4610 185 193 0
4611 185 185 0
4612 185 189 0
4613 185 194 0
4614 185 187 0
4615 185 192 0
4616 185 185 0
4617 185 193 0
4618 185 185 0
4619 185 192 0
4620 185 185 0
4621 185 185 0
4622 185 193 0
4623 185 185 0
4624 185 189 0
4625 185 186 0
4626 185 185 0
4627 185 185 0
4628 185 192 0
4629 185 187 0
4630 185 186 0
4631 185 185 0
4632 185 185 0
4633 185 189 0
4634 185 185 0
4635 185 194 0
4636 186 190 0
4637 186 194 0
4638 186 194 0
4639 186 190 0
4640 186 194 0
4641 186 194 0
4642 186 187 0
4643 186 194 0
4644 186 189 0
4645 186 193 0
4646 186 193 0
4647 186 191 0
4648 186 194 0
4649 186 190 0
4650 186 186 0
4651 186 194 0
4652 186 186 0
4653 186 190 0
4654 186 194 0
4655 186 194 0
4656 186 186 0
4657 186 186 0
4658 186 191 0
4659 186 188 0
4660 186 194 0
4661 186 186 0
4662 186 189 0
4663 186 189 0
4664 186 186 0
4665 186 186 0
4666 186 189 0
4667 186 186 0
4668 186 186 0
4669 186 189 0
4670 186 186 0
4671 186 190 0
4672 186 186 0
4673 186 189 0
4674 186 192 0
4675 186 189 0
4676 186 194 0
4677 186 194 0
4678 186 194 0
4679 186 194 0
4680 186 187 0
4681 186 194 0
4682 186 194 0
4683 186 186 0
4684 186 186 0
4685 186 186 0
4686 186 188 0
4687 186 194 0
4688 186 186 0
4689 186 186 0
4690 186 186 0
4691 186 193 0
4692 186 188 0
4693 186 186 0
4694 187 194 0
4695 187 194 0
4696 187 194 0
4697 187 194 0
4698 187 194 0
4699 187 194 0
4700 187 191 0
4701 187 194 0
4702 187 194 0
4703 187 194 0
4704 187 187 0
4705 187 187 0
4706 187 193 0
4707 187 187 0
4708 187 194 0
4709 187 187 0
4710 187 193 0
4711 187 194 0
4712 187 187 0
4713 187 187 0
4714 187 187 0
4715 187 189 0
4716 187 192 0
4717 187 191 0
4718 187 194 0
4719 187 187 0
4720 187 193 0
4721 187 187 0
4722 187 187 0
4723 187 192 0
4724 187 190 0
4725 187 188 0
4726 187 187 0
4727 187 187 0
4728 187 193 0
4729 187 187 0
4730 187 191 0
4731 187 187 0
4732 187 187 0
4733 187 193 0
4734 187 194 0
4735 187 189 0
4736 187 187 0
4737 187 190 0
4738 187 194 0
4739 187 189 0
4740 187 187 0
4741 187 190 0
4742 187 187 0
4743 187 187 0
4744 187 193 0
4745 187 187 0
4746 187 194 0
4747 188 194 0
4748 188 194 0
4749 188 193 0
4750 188 194 0
4751 188 194 0
4752 188 192 0
4753 188 188 0
4754 188 194 0
4755 188 194 0
4756 188 194 0
4757 188 192 0
4758 188 194 0
4759 188 192 0
4760 188 192 0
4761 188 192 0
4762 188 188 0
4763 188 194 0
4764 188 188 0
4765 188 194 0
4766 188 188 0
4767 188 188 0
4768 188 188 0
4769 188 193 0
4770 188 188 0
4771 188 194 0
4772 188 194 0
4773 188 188 0
4774 188 188 0
4775 188 188 0
4776 188 194 0
4777 188 188 0
4778 188 188 0
4779 188 191 0
4780 188 188 0
4781 188 193 0
4782 188 194 0
4783 188 191 0
4784 188 194 0
4785 188 188 0
4786 188 188 0
4787 188 192 0
4788 188 188 0
4789 188 188 0
4790 188 194 0
4791 188 194 0
4792 188 194 0
4793 188 188 0
4794 188 188 0
4795 188 188 0
4796 188 188 0
4797 188 188 0
4798 188 191 0
4799 188 188 0
4800 188 188 0
4801 188 188 0
4802 188 193 0
4803 188 188 0
4804 188 191 0
4805 188 194 0
4806 188 188 0
4807 189 193 0
4808 189 194 0
4809 189 194 0
4810 189 191 0
4811 189 194 0
4812 189 194 0
4813 189 194 0
4814 189 194 0
4815 189 194 0
4816 189 194 0
4817 189 194 0
4818 189 194 0
4819 189 193 0
4820 189 189 0
4821 189 193 0
4822 189 194 0
4823 189 193 0
4824 189 189 0
4825 189 194 0
4826 189 189 0
4827 189 193 0
4828 189 194 0
4829 189 193 0
4830 189 189 0
4831 189 191 0
4832 189 193 0
4833 189 189 0
4834 189 189 0
4835 189 189 0
4836 189 194 0
4837 189 194 0
4838 189 194 0
4839 189 194 0
4840 189 190 0
4841 189 189 0
4842 189 194 0
4843 189 193 0
4844 189 193 0
4845 189 192 0
4846 189 194 0
4847 189 189 0
4848 189 193 0
4849 189 189 0
4850 189 189 0
4851 189 193 0
4852 189 193 0
4853 189 191 0
4854 189 189 0
4855 189 189 0
4856 189 189 0
4857 189 194 0
4858 189 194 0
4859 189 189 0
4860 190 194 0
4861 190 194 0
4862 190 194 0
4863 190 194 0
4864 190 194 0
4865 190 194 0
4866 190 194 0
4867 190 194 0
4868 190 192 0
4869 190 194 0
4870 190 194 0
4871 190 194 0
4872 190 194 0
4873 190 194 0
4874 190 194 0
4875 190 194 0
4876 190 194 0
4877 190 194 0
4878 190 194 0
4879 190 190 0
4880 190 194 0
4881 190 193 0
4882 190 190 0
4883 190 190 0
4884 190 190 0
4885 190 193 0
4886 190 194 0
4887 190 194 0
4888 190 193 0
4889 190 190 0
4890 190 190 0
4891 190 193 0
4892 190 190 0
4893 190 190 0
4894 190 193 0
4895 190 190 0
4896 190 190 0
4897 190 190 0
4898 190 190 0
4899 190 190 0
4900 190 190 0
4901 190 192 0
4902 190 194 0
4903 190 190 0
4904 190 192 0
4905 190 193 0
4906 190 193 0
4907 190 194 0
4908 190 190 0
4909 190 194 0
4910 190 194 0
4911 190 193 0
4912 190 190 0
4913 190 190 0
4914 190 190 0
4915 190 190 0
4916 190 190 0
4917 191 191 0
4918 191 194 0
4919 191 194 0
4920 191 194 0
4921 191 194 0
4922 191 194 0
4923 191 194 0
4924 191 194 0
4925 191 193 0
4926 191 194 0
4927 191 194 0
4928 191 194 0
4929 191 194 0
4930 191 194 0
4931 191 194 0
4932 191 194 0
4933 191 194 0
4934 191 191 0
4935 191 194 0
4936 191 194 0
4937 191 191 0
4938 191 191 0
4939 191 191 0
4940 191 192 0
4941 191 191 0
4942 191 191 0
4943 191 194 0
4944 191 194 0
4945 191 191 0
4946 191 194 0
4947 191 191 0
4948 191 191 0
4949 191 194 0
4950 191 194 0
4951 191 191 0
4952 191 191 0
4953 191 191 0
4954 191 194 0
4955 191 194 0
4956 191 192 0
4957 191 191 0
4958 191 191 0
4959 191 194 0
4960 191 191 0
4961 191 194 0
4962 191 191 0
4963 191 194 0
4964 191 193 0
4965 191 191 0
4966 191 194 0
4967 191 193 0
4968 191 191 0
4969 191 194 0
4970 191 191 0
4971 191 194 0
4972 191 191 0
4973 191 194 0
4974 191 191 0
4975 191 194 0
4976 191 194 0
4977 191 191 0
4978 191 191 0
4979 191 194 0
4980 191 191 0
4981 191 192 0
4982 191 191 0
4983 191 191 0
4984 192 194 0
4985 192 193 0
4986 192 194 0
4987 192 194 0
4988 192 193 0
4989 192 194 0
4990 192 192 0
4991 192 194 0
4992 192 194 0
4993 192 194 0
4994 192 192 0
4995 192 192 0
4996 192 192 0
4997 192 192 0
4998 192 192 0
4999 192 194 0
5000 192 192 0
5001 192 192 0
5002 192 192 0
5003 192 194 0
5004 192 193 0
5005 192 194 0
5006 192 194 0
5007 192 192 0
5008 192 194 0
5009 192 193 0
5010 192 192 0
5011 192 192 0
5012 192 192 0
5013 192 192 0
5014 192 194 0
5015 192 192 0
5016 192 194 0
5017 192 192 0
5018 192 192 0
5019 192 192 0
5020 192 194 0
5021 192 193 0
5022 192 192 0
5023 192 192 0
5024 192 194 0
5025 192 192 0
5026 192 192 0
5027 192 192 0
5028 192 192 0
5029 192 194 0
5030 192 194 0
5031 192 192 0
5032 192 192 0
5033 192 194 0
5034 192 194 0
5035 192 192 0
5036 192 192 0
5037 192 194 0
5038 192 194 0
5039 192 192 0
5040 192 192 0
5041 193 194 0
5042 193 193 0
5043 193 194 0
5044 193 193 0
5045 193 194 0
5046 193 194 0
5047 193 193 0
5048 193 194 3559
5049 193 194 3559
5050 193 193 0
5051 193 193 0
5052 193 193 0
5053 193 193 0
5054 193 193 0
5055 193 193 0
5056 193 193 0
5057 193 193 0
5058 193 194 0
5059 193 193 0
5060 193 193 0
5061 193 193 0
5062 193 193 0
5063 193 194 0
5064 193 193 0
5065 193 193 0
5066 193 194 0
5067 193 193 0
5068 193 194 0
5069 193 193 0
5070 193 194 0
5071 193 193 0
5072 193 193 0
5073 193 193 0
5074 193 193 0
5075 193 193 0
5076 193 194 0
5077 193 193 0
5078 193 193 0
5079 193 193 0
5080 193 193 0
5081 193 193 0
5082 193 193 0
5083 193 193 0
5084 193 193 0
5085 193 194 0
5086 193 193 0
5087 193 194 0
5088 193 193 0
5089 193 193 0
5090 193 193 0
5091 193 193 0
5092 193 193 0
5093 194 194 0
5094 194 194 0
5095 194 194 0
5096 194 194 0
5097 194 194 0
5098 194 194 0
5099 194 194 0
5100 194 194 0
5101 194 194 0
5102 194 194 0
5103 194 194 0
5104 194 194 0
5105 194 194 0
5106 194 194 0
5107 194 194 0
5108 194 194 0
5109 194 194 0
5110 194 194 0
5111 194 194 0
5112 194 194 0
5113 194 194 0
5114 194 194 0
5115 194 194 0
5116 194 194 0
5117 194 194 0
5118 194 194 0
5119 194 194 0
5120 194 194 0
5121 194 194 0
5122 194 194 0
5123 194 194 0
5124 194 194 0
5125 194 194 0
5126 194 194 0
5127 194 194 0
5128 194 194 0
5129 194 194 0
5130 194 194 0
5131 194 194 0
5132 194 194 0
5133 194 194 0
5134 194 194 0
5135 194 194 0
5136 194 194 0
5137 194 194 0
5138 194 194 0
5139 194 194 0
5140 194 194 0
5141 194 194 0
5142 194 194 0
5143 194 194 0
5144 194 194 0
5145 194 194 0
5146 194 194 0
5147 194 194 0
5148 194 194 0
5149 194 194 0
5150 194 194 0
5151 194 194 0
5152 194 194 0
5153 194 194 0
5154 194 194 0
5155 194 194 0
5156 194 194 0
